9.999893307685852051e-01
1.000003933906555176e+00
9.999933838844299316e-01
9.999994635581970215e-01
9.999892115592956543e-01
1.000001192092895508e+00
1.000004053115844727e+00
9.999867081642150879e-01
9.999972581863403320e-01
9.999954700469970703e-01
9.999923110008239746e-01
1.000002741813659668e+00
9.999970793724060059e-01
1.000011444091796875e+00
9.999939203262329102e-01
1.000002264976501465e+00
1.000003337860107422e+00
1.000002384185791016e+00
1.000000596046447754e+00
9.999977350234985352e-01
9.999951124191284180e-01
1.000000238418579102e+00
9.999889731407165527e-01
1.000011324882507324e+00
1.000001430511474609e+00
1.000004768371582031e+00
1.000005125999450684e+00
9.999925494194030762e-01
9.999892115592956543e-01
1.000006318092346191e+00
1.000007987022399902e+00
9.999938607215881348e-01
1.000009059906005859e+00
1.000003099441528320e+00
9.999895095825195312e-01
1.000006318092346191e+00
9.999872446060180664e-01
1.000002980232238770e+00
9.999912977218627930e-01
9.999989867210388184e-01
9.999928474426269531e-01
9.999977946281433105e-01
9.999949932098388672e-01
9.999950528144836426e-01
9.999947547912597656e-01
9.999955892562866211e-01
9.999916553497314453e-01
1.000002264976501465e+00
9.999942779541015625e-01
9.999944567680358887e-01
9.999988079071044922e-01
9.999898672103881836e-01
9.999963641166687012e-01
1.000005483627319336e+00
9.999935626983642578e-01
1.000005125999450684e+00
9.999948740005493164e-01
1.000003337860107422e+00
9.999960064888000488e-01
9.999997615814208984e-01
1.000003099441528320e+00
1.000003814697265625e+00
1.000001668930053711e+00
9.999922513961791992e-01
