1.000005483627319336e+00
9.999968409538269043e-01
9.999805092811584473e-01
9.999964833259582520e-01
9.999969005584716797e-01
9.999885559082031250e-01
9.999934434890747070e-01
1.000014781951904297e+00
1.000001788139343262e+00
9.999912977218627930e-01
9.999912977218627930e-01
1.000006556510925293e+00
9.999964237213134766e-01
1.000001907348632812e+00
1.000015139579772949e+00
9.999932646751403809e-01
1.000002264976501465e+00
9.999877810478210449e-01
9.999912977218627930e-01
9.999906420707702637e-01
1.000007152557373047e+00
9.999951124191284180e-01
9.999973177909851074e-01
9.999882578849792480e-01
1.000007390975952148e+00
9.999929666519165039e-01
1.000005125999450684e+00
9.999994635581970215e-01
1.000001311302185059e+00
1.000000238418579102e+00
9.999923706054687500e-01
9.999973177909851074e-01
1.000006914138793945e+00
9.999945759773254395e-01
9.999966025352478027e-01
1.000000953674316406e+00
1.000005364418029785e+00
9.999888539314270020e-01
1.000002026557922363e+00
9.999945759773254395e-01
9.999942183494567871e-01
9.999939799308776855e-01
9.999863505363464355e-01
9.999887943267822266e-01
9.999723434448242188e-01
1.000004887580871582e+00
9.999881386756896973e-01
9.999857544898986816e-01
9.999927282333374023e-01
9.999914765357971191e-01
9.999977946281433105e-01
9.999991655349731445e-01
9.999908208847045898e-01
9.999940991401672363e-01
9.999895095825195312e-01
9.999952316284179688e-01
9.999951720237731934e-01
9.999952316284179688e-01
9.999949932098388672e-01
1.000001788139343262e+00
9.999895095825195312e-01
1.000001311302185059e+00
9.999973773956298828e-01
1.000005841255187988e+00
