6.764552742242813110e-02 -4.225796461105346680e-02
-1.570618362165987492e-03 8.604728430509567261e-02
-6.590304430574178696e-03 -5.772301810793578625e-04
1.096151024103164673e-01 1.017815917730331421e-01
4.204398021101951599e-03 3.645612671971321106e-02
-8.995665237307548523e-03 3.993577137589454651e-02
9.958973526954650879e-02 3.171579912304878235e-02
1.068898513913154602e-01 1.134291812777519226e-01
7.024835795164108276e-02 -6.499069184064865112e-02
8.236666768789291382e-02 9.463097900152206421e-02
-1.185620352625846863e-01 -6.056320667266845703e-02
7.133058458566665649e-02 5.624034255743026733e-02
3.619150072336196899e-02 -2.430951036512851715e-02
-1.080333441495895386e-01 2.441321848891675472e-04
4.422432929277420044e-02 6.776364147663116455e-02
-1.047738194465637207e-01 1.307933870702981949e-02
1.229631155729293823e-01 -3.537956625223159790e-03
-5.504770949482917786e-02 8.653690665960311890e-02
1.047728508710861206e-01 -8.169499784708023071e-02
3.615568205714225769e-02 7.850567251443862915e-02
1.097992658615112305e-01 -2.172892726957798004e-02
-1.012509018182754517e-01 8.664565533399581909e-02
-4.123985394835472107e-02 -1.276447437703609467e-02
9.241247177124023438e-02 4.139815643429756165e-02
3.316596150398254395e-02 -7.996322959661483765e-02
-4.643109068274497986e-02 -9.402896463871002197e-02
-3.474994748830795288e-02 8.497317135334014893e-02
1.049522907123900950e-04 -9.301785379648208618e-02
1.121753528714179993e-01 -2.451143227517604828e-02
-2.889513038098812103e-02 -1.054841503500938416e-01
-1.678271219134330750e-02 -5.238440260291099548e-02
3.471644595265388489e-02 6.079367920756340027e-02
6.697419099509716034e-03 -2.570136077702045441e-02
-1.144612282514572144e-01 -1.863468554802238941e-03
-6.476951390504837036e-02 8.249606192111968994e-02
4.191936925053596497e-02 -3.767849877476692200e-02
-6.300482898950576782e-02 1.106611862778663635e-01
1.720861345529556274e-02 -1.418920140713453293e-02
-5.607950314879417419e-02 6.469286233186721802e-02
-1.301596988923847675e-03 4.483680427074432373e-02
3.550163656473159790e-02 -1.225587353110313416e-01
-7.910994440317153931e-02 5.395419523119926453e-02
1.174262166023254395e-01 4.588960111141204834e-02
-9.448841214179992676e-02 -5.706829950213432312e-02
1.095223724842071533e-01 -7.919741421937942505e-02
-2.438048645853996277e-02 3.877676278352737427e-02
-9.181275963783264160e-02 -8.565589785575866699e-02
3.882282599806785583e-02 -4.660734906792640686e-02
-7.097710669040679932e-02 -6.017420091666281223e-04
-7.067613303661346436e-02 8.634050190448760986e-02
-1.091918945312500000e-01 6.880786269903182983e-02
7.008629385381937027e-03 1.078868061304092407e-01
-1.241889595985412598e-01 -8.066813461482524872e-03
6.330902129411697388e-02 -5.183991976082324982e-03
-5.893448367714881897e-02 -6.824057549238204956e-02
-8.643292635679244995e-02 2.342773973941802979e-02
1.227215230464935303e-01 9.848485887050628662e-02
4.276373982429504395e-02 3.016659431159496307e-02
6.954529136419296265e-02 -3.775457618758082390e-03
-1.054986417293548584e-01 1.199986487627029419e-01
-1.180579811334609985e-01 -1.005522236227989197e-01
6.393153220415115356e-02 1.233021318912506104e-01
5.971817299723625183e-02 -6.815402954816818237e-02
-9.829638153314590454e-02 -7.947152853012084961e-02
-4.317043349146842957e-02 6.986029446125030518e-02
-3.252840414643287659e-02 -1.008260324597358704e-01
-3.029424883425235748e-02 -7.139761000871658325e-02
9.062009304761886597e-02 9.331863373517990112e-02
3.812847286462783813e-02 1.097282171249389648e-01
-2.824191749095916748e-02 -6.020443886518478394e-02
9.632314741611480713e-02 9.263005107641220093e-02
-1.017623767256736755e-01 -6.699972599744796753e-02
-8.683345280587673187e-03 -7.877193391323089600e-02
9.770368039608001709e-02 -1.206624209880828857e-01
-5.250895395874977112e-02 -1.152791455388069153e-01
8.587831258773803711e-02 -3.715034201741218567e-02
-1.020503044128417969e-01 8.294551074504852295e-02
5.572680849581956863e-03 -7.355856150388717651e-02
-7.633187621831893921e-02 1.143259629607200623e-01
-8.357076346874237061e-02 -9.565495699644088745e-02
5.332205444574356079e-02 1.500424556434154510e-02
-8.801141381263732910e-02 -7.358588278293609619e-02
-7.355135679244995117e-02 1.857132650911808014e-02
-8.724115043878555298e-02 2.560716867446899414e-02
2.774434722959995270e-02 5.738124251365661621e-02
9.528411924839019775e-02 -2.540028188377618790e-03
-1.028358191251754761e-01 -9.049942344427108765e-02
5.043950304388999939e-02 8.566699177026748657e-02
1.850475743412971497e-02 -4.667917964980006218e-04
1.012640371918678284e-01 1.156512051820755005e-01
7.740798592567443848e-02 -5.296601355075836182e-02
-1.021969616413116455e-01 1.202405616641044617e-01
-1.047316193580627441e-01 -3.597760200500488281e-02
-1.056810468435287476e-02 7.710891216993331909e-02
1.032035946846008301e-01 1.208827495574951172e-01
1.042181253433227539e-01 7.267557829618453979e-02
-9.948832541704177856e-02 -6.086003035306930542e-02
1.002068072557449341e-01 8.704087696969509125e-03
1.018144860863685608e-01 5.745410174131393433e-02
2.203381806612014771e-02 -2.782366052269935608e-02
7.836290448904037476e-02 1.067779138684272766e-01
-9.398967027664184570e-02 1.444422081112861633e-02
3.719419613480567932e-02 -1.897878199815750122e-02
-5.275573953986167908e-02 -6.103516742587089539e-02
3.802824765443801880e-02 -1.672429405152797699e-02
-6.784441415220499039e-03 1.229233965277671814e-01
-1.310935616493225098e-02 -9.217597544193267822e-02
-1.071647331118583679e-01 4.407162591814994812e-02
-1.825805008411407471e-02 -2.083948440849781036e-02
8.498673886060714722e-02 5.113318189978599548e-02
2.429847978055477142e-02 -1.108306348323822021e-01
7.995182275772094727e-02 -6.982201710343360901e-03
-3.892058972269296646e-03 -1.991756446659564972e-02
6.338763982057571411e-02 1.102021187543869019e-01
8.480220288038253784e-02 8.330485969781875610e-02
-1.087756380438804626e-01 -8.637772500514984131e-02
-6.043517217040061951e-02 -9.727283567190170288e-02
-7.639402057975530624e-03 -9.577761590480804443e-02
1.248350962996482849e-01 7.984166592359542847e-02
3.376104682683944702e-02 1.302238740026950836e-02
3.320483118295669556e-02 3.371815383434295654e-02
-7.113335281610488892e-02 6.882258504629135132e-02
-1.228930950164794922e-01 -2.363174781203269958e-02
-2.850756421685218811e-02 8.824265003204345703e-02
9.823473542928695679e-02 1.251550763845443726e-01
2.698442665860056877e-03 -7.989761233329772949e-02
-1.615447923541069031e-02 7.874618470668792725e-02
-5.543183907866477966e-02 -7.378687709569931030e-02
4.302467778325080872e-02 1.120930463075637817e-01
8.339426666498184204e-02 1.156772673130035400e-01
6.583700329065322876e-02 -8.899091929197311401e-02
6.636440753936767578e-02 -9.711511433124542236e-02
1.165072843432426453e-01 -5.152724683284759521e-02
-9.388421662151813507e-03 1.218435168266296387e-01
1.227146685123443604e-01 -1.077412441372871399e-01
-6.649314612150192261e-02 3.126191347837448120e-02
-1.215761005878448486e-01 2.161273919045925140e-02
-4.369026422500610352e-02 7.094174623489379883e-02
-1.027348935604095459e-01 -1.144679039716720581e-01
5.746145546436309814e-02 -9.014644473791122437e-02
5.208500474691390991e-02 8.391965925693511963e-02
-8.256239444017410278e-02 -1.086184307932853699e-01
-2.011273242533206940e-02 -2.485471591353416443e-02
1.021152585744857788e-01 2.766892500221729279e-02
4.970464482903480530e-02 -1.102346181869506836e-01
-4.962727427482604980e-02 2.706600166857242584e-02
7.643721252679824829e-02 -8.571764826774597168e-02
3.462452068924903870e-02 -5.308218300342559814e-02
-3.935684263706207275e-02 4.140511527657508850e-02
-3.884756565093994141e-02 5.088208615779876709e-02
-7.564064860343933105e-02 -8.056615293025970459e-02
-7.533887773752212524e-02 -3.526624664664268494e-02
-9.147248417139053345e-02 1.079864799976348877e-01
-1.229720562696456909e-01 1.063820905983448029e-03
-1.136035993695259094e-01 -6.597542762756347656e-02
-4.196549952030181885e-02 1.149841174483299255e-01
-1.754239387810230255e-02 3.723252192139625549e-02
4.826163873076438904e-02 3.523139283061027527e-02
-6.018063798546791077e-02 9.374243021011352539e-02
-8.168439567089080811e-02 3.106906078755855560e-02
1.092215701937675476e-01 4.974069818854331970e-02
2.660041442140936852e-03 9.172696620225906372e-02
7.799683511257171631e-02 3.727452829480171204e-02
5.826830863952636719e-02 5.042633414268493652e-02
-5.426896363496780396e-02 -7.415924221277236938e-02
7.376081496477127075e-02 6.570060551166534424e-02
-3.054949268698692322e-02 -5.020993947982788086e-02
1.545472163707017899e-02 -8.427631855010986328e-02
6.973330676555633545e-02 1.583320461213588715e-02
1.852384209632873535e-02 7.051972299814224243e-02
6.903104949742555618e-03 5.861458554863929749e-02
4.091247683390974998e-04 2.154553495347499847e-02
-4.340585693717002869e-02 1.566012762486934662e-02
2.513175271451473236e-02 1.046447828412055969e-01
3.504871949553489685e-02 5.003610625863075256e-02
-8.364491909742355347e-02 7.444267719984054565e-02
-4.818612709641456604e-02 -6.461445242166519165e-02
1.828506961464881897e-02 -1.202016100287437439e-01
-7.760536856949329376e-03 -1.178610324859619141e-02
1.127031594514846802e-01 -1.108218282461166382e-01
-9.767051786184310913e-02 -3.174435347318649292e-02
5.088138394057750702e-03 -1.181517764925956726e-01
3.973465040326118469e-02 3.034092718735337257e-03
1.126673296093940735e-01 -1.141024827957153320e-01
-6.696578860282897949e-02 4.399892687797546387e-02
1.608982495963573456e-02 -6.778411567211151123e-02
7.251328229904174805e-02 5.216762050986289978e-02
-4.187651723623275757e-02 6.462561339139938354e-02
1.202120184898376465e-01 -5.080763250589370728e-03
4.914894327521324158e-02 -1.087948903441429138e-01
-8.712556958198547363e-02 7.117376476526260376e-02
8.137167990207672119e-02 2.365828305482864380e-02
1.236589718610048294e-02 1.229663416743278503e-01
-1.139494851231575012e-01 9.868394583463668823e-03
7.886662334203720093e-02 1.891453191637992859e-02
-3.641360625624656677e-02 5.921317636966705322e-02
4.888148978352546692e-02 -2.640993520617485046e-02
-3.277786076068878174e-02 3.596162050962448120e-02
1.667609252035617828e-02 -5.557907745242118835e-02
9.643834084272384644e-02 3.569785272702574730e-03
1.145547404885292053e-01 9.248650074005126953e-02
8.356858976185321808e-03 -5.665484443306922913e-02
1.260068919509649277e-02 4.805039148777723312e-03
-9.632486850023269653e-02 -7.084264606237411499e-02
4.629725962877273560e-02 -1.127250120043754578e-01
-7.063812762498855591e-02 -7.199356704950332642e-02
7.948034256696701050e-02 7.087895274162292480e-02
9.077536314725875854e-02 -2.922566048800945282e-02
-1.070744469761848450e-01 -1.201190985739231110e-02
1.227398365736007690e-01 -6.836885213851928711e-02
-4.046407714486122131e-02 -3.628303483128547668e-02
1.210276335477828979e-01 4.343932867050170898e-02
-9.322082251310348511e-02 -1.182642802596092224e-01
8.925551176071166992e-02 8.832189440727233887e-02
6.402345746755599976e-02 -7.507547270506620407e-03
-9.151081740856170654e-02 5.135954171419143677e-02
1.047030650079250336e-02 6.934523582458496094e-02
6.964576244354248047e-02 -5.525723844766616821e-02
2.409550175070762634e-02 5.095102638006210327e-02
-3.191345185041427612e-02 5.634303390979766846e-02
9.878555685281753540e-02 -2.969789877533912659e-02
-5.327068641781806946e-02 8.209252357482910156e-02
1.112388372421264648e-01 7.125738263130187988e-02
3.202412277460098267e-02 -5.220514163374900818e-02
-3.864723816514015198e-02 -4.368837177753448486e-02
-9.406457655131816864e-03 -8.280911296606063843e-02
9.549740701913833618e-02 -1.629748754203319550e-02
8.758605271577835083e-02 -7.232735306024551392e-02
-1.233087852597236633e-01 3.557845950126647949e-02
-7.822911441326141357e-02 1.145700737833976746e-01
-8.574712276458740234e-02 4.424235224723815918e-02
-1.107263788580894470e-01 8.891135454177856445e-02
-6.032315641641616821e-02 -3.389029577374458313e-02
-8.942604064941406250e-02 -4.261068627238273621e-02
-1.132569387555122375e-01 -1.209253668785095215e-01
-9.273570775985717773e-02 4.263186827301979065e-02
-5.451744794845581055e-02 1.244039312005043030e-01
-6.895805895328521729e-02 4.817182570695877075e-02
-2.204433642327785492e-02 -7.738850265741348267e-02
4.796463996171951294e-03 8.195899426937103271e-02
4.883890599012374878e-02 1.069453284144401550e-01
-4.667783901095390320e-02 2.316399291157722473e-02
-1.052714809775352478e-01 8.509129285812377930e-02
7.098466157913208008e-02 -2.803030051290988922e-02
-5.416933074593544006e-02 5.404339171946048737e-03
5.636567994952201843e-02 -3.271787241101264954e-02
-1.131588071584701538e-01 -1.246835961937904358e-01
-1.160918697714805603e-01 4.857216402888298035e-02
-1.078736335039138794e-01 2.151011489331722260e-02
-3.357373550534248352e-02 -1.163020282983779907e-01
4.959115013480186462e-02 -7.458107173442840576e-02
9.712683409452438354e-02 1.218918487429618835e-01
9.843843989074230194e-03 -9.062544256448745728e-02
6.617300212383270264e-02 -1.758570037782192230e-02
-7.556421309709548950e-02 -7.937530428171157837e-02
-3.217000514268875122e-02 3.596069663763046265e-02
-9.945897758007049561e-02 -1.154163852334022522e-01
6.467778235673904419e-02 1.216287761926651001e-01
9.049987792968750000e-02 8.640208095312118530e-02
1.149693131446838379e-01 -6.171404197812080383e-02
-5.493114888668060303e-02 -2.680099569261074066e-02
-1.034363731741905212e-01 -1.388475205749273300e-02
-4.777907393872737885e-03 4.278876259922981262e-02
5.714336782693862915e-02 -1.518635451793670654e-02
4.172291234135627747e-02 -7.488876581192016602e-04
-8.999633789062500000e-02 1.203114092350006104e-01
1.229029148817062378e-01 5.816761404275894165e-02
2.856790646910667419e-02 -7.998600602149963379e-03
-1.074383929371833801e-01 6.360049545764923096e-02
-7.240626960992813110e-02 -9.938237071037292480e-02
8.982130885124206543e-02 1.112979277968406677e-01
1.013195216655731201e-01 1.157443821430206299e-01
-4.103881120681762695e-02 -3.862898051738739014e-02
-3.046541847288608551e-02 -8.549422025680541992e-02
-1.069754585623741150e-01 -5.593770369887351990e-02
3.775046765804290771e-02 -3.979067504405975342e-02
-4.579251632094383240e-02 1.342433039098978043e-02
-1.639861799776554108e-02 -1.001007854938507080e-02
1.182501465082168579e-01 1.472241897135972977e-02
-4.727338906377553940e-03 -1.019510328769683838e-01
-3.035719878971576691e-02 -1.522106863558292389e-02
1.193724721670150757e-01 -3.988584503531455994e-02
-1.679796725511550903e-02 -1.803599298000335693e-02
-3.938050940632820129e-02 -7.929928600788116455e-02
3.871721029281616211e-02 8.569987118244171143e-02
-1.033160388469696045e-01 5.429786816239356995e-02
3.351121023297309875e-02 -6.338097900152206421e-02
-9.702306985855102539e-02 -3.125061839818954468e-02
-5.190734565258026123e-02 7.310734689235687256e-02
-1.092553045600652695e-02 1.247215792536735535e-01
-9.948168694972991943e-02 -8.152466267347335815e-02
-1.205714941024780273e-01 2.145826444029808044e-02
-9.923129528760910034e-02 5.264193937182426453e-02
-9.467096999287605286e-03 -1.533736754208803177e-02
-4.675234854221343994e-02 -3.023970499634742737e-02
-1.199805885553359985e-01 -4.854331165552139282e-02
-7.954487949609756470e-02 1.258020661771297455e-02
-5.951688438653945923e-02 -1.017708256840705872e-01
-8.713090419769287109e-02 -7.695141434669494629e-02
9.730110876262187958e-03 -5.356397107243537903e-02
-1.127721145749092102e-01 1.036147177219390869e-01
-9.569942206144332886e-02 2.713677287101745605e-02
7.725451141595840454e-03 4.866682365536689758e-02
1.208769977092742920e-01 -1.223102137446403503e-01
1.198878660798072815e-01 7.043404877185821533e-02
-7.362901233136653900e-03 6.936957687139511108e-02
8.421668410301208496e-02 -4.098539054393768311e-02
9.455882757902145386e-02 7.416136562824249268e-02
5.600620061159133911e-02 -2.797947451472282410e-02
7.413528114557266235e-02 -3.329792991280555725e-02
-1.197313368320465088e-01 2.992443367838859558e-02
-6.709410250186920166e-02 4.645483568310737610e-02
1.903382316231727600e-02 2.499280124902725220e-02
-3.650898113846778870e-02 1.146994754672050476e-01
-3.116481192409992218e-02 8.849139325320720673e-03
7.285097241401672363e-02 1.022035628557205200e-01
1.192888393998146057e-01 -9.858065098524093628e-02
-2.755310758948326111e-02 -3.249217569828033447e-02
-7.734448462724685669e-02 -4.397739097476005554e-02
3.767858445644378662e-02 3.792743757367134094e-02
1.164909899234771729e-01 -3.801725432276725769e-02
1.006621792912483215e-01 1.024879291653633118e-01
-1.683254726231098175e-02 8.913623169064521790e-03
8.104589581489562988e-02 -5.406219512224197388e-02
1.148055717349052429e-01 4.233601316809654236e-02
3.021070919930934906e-02 1.211941540241241455e-01
-4.509443044662475586e-02 -4.568054899573326111e-02
-1.148813366889953613e-01 3.083357773721218109e-02
-1.124253347516059875e-01 6.292617321014404297e-02
-1.628460362553596497e-02 -3.333151340484619141e-02
-1.171446889638900757e-01 -9.023775160312652588e-02
-4.103723540902137756e-02 -1.233654171228408813e-01
2.287420071661472321e-02 -7.241463661193847656e-02
-6.172572821378707886e-02 1.048080846667289734e-01
-1.200753748416900635e-01 -1.041669175028800964e-01
-1.226113364100456238e-01 8.174017071723937988e-03
1.105642244219779968e-01 1.080306023359298706e-01
5.738841742277145386e-02 -3.251625224947929382e-03
5.224812403321266174e-02 1.105257719755172729e-01
-4.027871880680322647e-03 -5.658371374011039734e-04
8.800170570611953735e-02 2.358001284301280975e-02
1.244485378265380859e-01 8.932317607104778290e-03
9.969335049390792847e-03 5.372655391693115234e-02
-8.852847665548324585e-02 -3.647631499916315079e-03
5.934780463576316833e-02 1.330943964421749115e-02
8.389216661453247070e-02 -1.013734787702560425e-01
-8.689779043197631836e-02 4.309539124369621277e-02
-1.216053217649459839e-01 -1.068701371550559998e-01
5.709854513406753540e-02 -6.616118550300598145e-02
-1.216524392366409302e-01 -5.140342935919761658e-02
-8.877024799585342407e-02 -6.056115776300430298e-02
-1.033976599574089050e-01 7.152566313743591309e-02
6.915970891714096069e-02 9.901713579893112183e-02
-2.474549040198326111e-02 -9.527914226055145264e-03
4.015308991074562073e-02 4.389457777142524719e-02
5.531645193696022034e-02 7.376211881637573242e-02
9.852970391511917114e-02 -2.241582795977592468e-02
-7.714657485485076904e-02 -1.611773669719696045e-02
1.571171544492244720e-02 -4.378535971045494080e-02
-8.143896609544754028e-02 7.926683872938156128e-02
-1.221885532140731812e-01 4.525279626250267029e-02
6.238422915339469910e-02 1.677413098514080048e-02
-7.726100273430347443e-03 6.507170945405960083e-02
-1.166170686483383179e-01 -8.048364520072937012e-02
-8.966097235679626465e-02 3.282415866851806641e-02
7.382609695196151733e-02 -7.814686745405197144e-02
8.715588599443435669e-02 8.745970577001571655e-02
6.757799535989761353e-02 7.085937261581420898e-02
-7.729423046112060547e-02 4.253716394305229187e-02
-1.091213002800941467e-01 -6.084799021482467651e-02
-1.175101250410079956e-01 -8.282268047332763672e-02
4.711628705263137817e-02 -2.628335729241371155e-02
1.106163859367370605e-01 4.364178702235221863e-02
-5.999260768294334412e-02 -7.734490185976028442e-02
-9.354672580957412720e-02 1.506364624947309494e-02
-9.156464040279388428e-02 -5.838204920291900635e-02
-1.004678234457969666e-01 -9.544131346046924591e-03
9.205712378025054932e-02 4.615373909473419189e-02
7.911129295825958252e-02 4.829090833663940430e-02
5.487857386469841003e-02 1.181303784251213074e-01
3.446936234831809998e-02 -8.684754371643066406e-02
9.702011197805404663e-02 1.098188981413841248e-01
-9.462683647871017456e-02 3.282414749264717102e-02
2.223816141486167908e-02 7.522993534803390503e-02
-6.846336275339126587e-02 -1.254481729120016098e-02
-4.636410996317863464e-02 1.047919094562530518e-01
-6.580584496259689331e-02 7.032723724842071533e-02
1.795111224055290222e-02 -1.699459925293922424e-02
2.737529762089252472e-02 -9.516659379005432129e-02
-8.048707991838455200e-02 -1.053166463971138000e-01
2.953353710472583771e-02 -1.897384971380233765e-02
2.223878726363182068e-02 -3.046399354934692383e-02
-9.818764775991439819e-02 -7.620582822710275650e-03
5.306626856327056885e-02 2.469575591385364532e-02
-5.022497475147247314e-02 7.118045538663864136e-02
-2.394289709627628326e-02 1.016817390918731689e-01
1.180685237050056458e-01 3.965181484818458557e-02
-9.336991235613822937e-03 -2.498036064207553864e-02
-1.083489805459976196e-01 -5.842513218522071838e-02
-5.513163655996322632e-02 -7.120005786418914795e-03
9.185789525508880615e-02 6.517583038657903671e-03
9.957090765237808228e-02 3.935802355408668518e-02
-1.040516868233680725e-01 7.054388523101806641e-02
-1.099675148725509644e-01 -4.382404964417219162e-03
4.717896133661270142e-02 1.194513887166976929e-01
-1.906003057956695557e-02 -9.958228096365928650e-03
7.399210333824157715e-02 -6.365920603275299072e-02
-1.904505304992198944e-02 -3.072679601609706879e-02
-8.186264894902706146e-03 -1.066432371735572815e-01
-4.336337745189666748e-02 9.069718420505523682e-02
-2.890167571604251862e-02 -4.320321604609489441e-02
-1.466494891792535782e-02 2.111553400754928589e-02
6.688447296619415283e-02 4.496739432215690613e-02
-1.249340698122978210e-01 8.666942268610000610e-02
9.063228219747543335e-02 1.200397089123725891e-01
5.409075319766998291e-02 -1.220751479268074036e-01
-1.412631943821907043e-02 -1.249140501022338867e-01
4.298257455229759216e-02 -1.174714341759681702e-01
5.969809368252754211e-03 1.031421497464179993e-01
-7.088939100503921509e-02 -2.113176044076681137e-03
-4.444611817598342896e-02 -4.457916691899299622e-02
4.955555126070976257e-02 1.114978045225143433e-01
-3.798032924532890320e-02 -5.022416636347770691e-02
3.332295455038547516e-03 -6.029681488871574402e-02
7.371123135089874268e-02 1.205975487828254700e-01
-7.978806644678115845e-02 1.195547133684158325e-01
-1.071263700723648071e-01 3.821567445993423462e-02
1.156741902232170105e-01 -7.772644609212875366e-02
-6.963673047721385956e-03 7.389315217733383179e-02
-3.740258887410163879e-02 3.598930686712265015e-02
7.640124857425689697e-02 2.958198636770248413e-02
-3.475001826882362366e-02 -3.730624541640281677e-02
-7.928577810525894165e-02 7.605547457933425903e-02
-2.540262881666421890e-03 8.493377268314361572e-02
-9.098519384860992432e-02 -7.978709787130355835e-02
-1.505637634545564651e-02 2.065914310514926910e-02
-8.289805054664611816e-02 -3.979426249861717224e-02
-2.730464935302734375e-02 4.176273196935653687e-02
1.074822917580604553e-01 -8.570520579814910889e-02
2.388554625213146210e-03 1.031120941042900085e-01
2.268520928919315338e-02 1.195790916681289673e-01
4.893688112497329712e-02 -5.190521478652954102e-03
4.455368965864181519e-02 -1.084634587168693542e-01
-1.812310516834259033e-02 5.865759029984474182e-02
-1.177212521433830261e-01 -4.833480715751647949e-02
-1.782503351569175720e-02 -8.379090577363967896e-02
-2.145333774387836456e-02 8.877571672201156616e-02
-7.862076908349990845e-02 1.117247045040130615e-01
-1.124969050288200378e-01 -6.672880263067781925e-04
3.209278732538223267e-02 -1.985920965671539307e-02
-8.217519521713256836e-02 -3.463063389062881470e-02
8.432707190513610840e-02 -7.806853950023651123e-02
9.861567616462707520e-02 -1.167506650090217590e-01
7.836455851793289185e-02 -2.636234089732170105e-02
1.565080881118774414e-02 -4.631313309073448181e-02
9.560153633356094360e-02 -3.409868851304054260e-02
-7.002383470535278320e-02 -8.320628106594085693e-02
1.195452585816383362e-01 -1.011692732572555542e-02
1.191955730319023132e-01 1.007248088717460632e-01
-1.903837732970714569e-02 9.410089254379272461e-02
8.342045545578002930e-02 -2.165750041604042053e-02
9.119811654090881348e-02 -3.920035809278488159e-02
6.478754431009292603e-02 6.102965772151947021e-02
2.486417302861809731e-03 5.448137875646352768e-03
8.377142250537872314e-02 2.887865528464317322e-02
-1.924784854054450989e-02 -6.356590986251831055e-02
1.087858825922012329e-01 -1.140815764665603638e-01
-9.763020277023315430e-02 -2.985162287950515747e-02
-1.221493557095527649e-01 5.875162407755851746e-02
3.736333176493644714e-02 -8.185323327779769897e-02
1.022542715072631836e-01 -7.955858856439590454e-02
9.269227832555770874e-02 6.945148855447769165e-02
1.134014278650283813e-01 7.812481373548507690e-02
5.880260095000267029e-02 -1.385792531073093414e-02
1.020186021924018860e-01 1.280813361518085003e-03
4.370149597525596619e-02 5.284327268600463867e-02
-2.552152983844280243e-02 -1.176766380667686462e-01
1.244229748845100403e-01 9.573394060134887695e-02
2.884847111999988556e-02 8.585724234580993652e-02
-4.115509614348411560e-02 -1.172283813357353210e-01
4.192616418004035950e-02 -5.799419432878494263e-02
8.193311095237731934e-02 6.627244502305984497e-02
7.444602251052856445e-02 1.038653701543807983e-01
2.356766909360885620e-02 -4.497635737061500549e-02
-9.905052930116653442e-02 -5.108427722007036209e-03
1.193573400378227234e-01 4.427678138017654419e-02
1.743876934051513672e-02 -3.404597193002700806e-02
-1.065269410610198975e-01 -1.237722784280776978e-01
-1.239010617136955261e-01 7.429131120443344116e-02
2.855586446821689606e-02 2.902647107839584351e-02
-2.491350471973419189e-02 2.039823122322559357e-02
-2.657701820135116577e-02 -1.435874146409332752e-04
-9.186482429504394531e-02 -4.231263697147369385e-02
-1.225455775856971741e-01 -8.020072430372238159e-02
-9.314997494220733643e-02 2.055035904049873352e-02
4.073856025934219360e-02 -6.806000601500272751e-05
-9.859170764684677124e-02 -6.395586300641298294e-03
1.023315712809562683e-01 3.553169220685958862e-02
-6.049811840057373047e-02 -6.176387891173362732e-02
1.195054054260253906e-01 -8.931822329759597778e-02
-1.134357601404190063e-01 -5.190202966332435608e-02
6.946398317813873291e-02 2.385614905506372452e-03
-2.266348712146282196e-02 -7.623261958360671997e-02
-7.652589678764343262e-02 -9.443185478448867798e-02
9.462925046682357788e-02 1.808379217982292175e-02
1.128540039062500000e-01 -3.649530932307243347e-02
-6.081224605441093445e-02 1.192946583032608032e-01
-1.066929697990417480e-01 -7.999413460493087769e-02
-1.167878359556198120e-01 -6.657721940428018570e-03
9.228046983480453491e-03 -4.149144981056451797e-03
-1.709916442632675171e-02 -1.638631895184516907e-02
-3.004639968276023865e-02 -9.771206974983215332e-02
2.422471530735492706e-02 8.940576761960983276e-02
1.077776476740837097e-01 -1.036424785852432251e-01
-1.250213086605072021e-01 6.327603757381439209e-02
-6.576138734817504883e-02 -7.822653651237487793e-02
-6.490458548069000244e-02 6.222710385918617249e-02
-6.239354982972145081e-02 2.060454711318016052e-02
-1.159658879041671753e-01 7.885276526212692261e-02
-1.497203391045331955e-02 -1.339319627732038498e-02
3.738352283835411072e-02 9.169093519449234009e-02
-2.264647744596004486e-02 -3.360896930098533630e-02
-6.767524033784866333e-02 1.327987667173147202e-02
3.678364679217338562e-02 5.325652286410331726e-02
8.630245178937911987e-02 4.001938551664352417e-02
9.633182734251022339e-02 9.777200967073440552e-02
-7.290450483560562134e-02 -3.086967580020427704e-02
-4.219891130924224854e-02 6.149609759449958801e-02
-1.128019019961357117e-01 9.218639880418777466e-02
-1.230238452553749084e-01 8.038581162691116333e-02
-8.087350428104400635e-02 -5.245799943804740906e-02
4.204698652029037476e-02 2.062208764255046844e-02
2.839268371462821960e-02 9.136872738599777222e-02
-3.978777676820755005e-03 6.384070217609405518e-02
9.810650348663330078e-02 -9.138971567153930664e-02
1.116656884551048279e-01 6.619272381067276001e-02
1.006607189774513245e-01 -6.978543102741241455e-02
7.608047872781753540e-02 -3.736792132258415222e-02
6.462650001049041748e-02 1.210095882415771484e-01
9.295553714036941528e-02 1.923443749547004700e-02
-1.198210790753364563e-01 -4.649502784013748169e-02
-9.850679337978363037e-02 7.551163434982299805e-02
-3.887303546071052551e-02 -1.119036227464675903e-02
-1.112444475293159485e-01 9.989476948976516724e-02
6.127934902906417847e-02 9.783208370208740234e-02
9.097879379987716675e-02 7.458371669054031372e-02
8.418704569339752197e-02 -1.128406077623367310e-01
-1.086053550243377686e-01 6.630108505487442017e-02
5.285193398594856262e-02 -9.040570259094238281e-02
5.616816692054271698e-03 -3.943284228444099426e-02
1.066547259688377380e-01 1.207780018448829651e-01
-2.567439153790473938e-02 -5.716719478368759155e-02
6.256803125143051147e-02 -4.582493007183074951e-02
1.144127845764160156e-01 1.183247864246368408e-01
-7.523267716169357300e-02 -2.502604573965072632e-02
-9.589105844497680664e-03 7.164481212384998798e-04
8.974076062440872192e-02 1.239931490272283554e-02
1.193022653460502625e-01 -9.383846074342727661e-02
5.877903476357460022e-02 1.055657640099525452e-01
2.918580546975135803e-02 -6.514429301023483276e-02
-4.294016584753990173e-02 6.397236138582229614e-02
-4.615171253681182861e-02 5.386190861463546753e-02
-1.128087863326072693e-01 -1.002996414899826050e-01
-1.470213010907173157e-02 1.209356561303138733e-01
-8.912287652492523193e-02 -5.068615823984146118e-02
-1.229899153113365173e-01 1.051594987511634827e-01
-6.691254675388336182e-02 1.115697547793388367e-01
1.249417942017316818e-02 1.087133660912513733e-01
1.012158244848251343e-01 -3.554339706897735596e-02
-1.070941239595413208e-02 -2.499776147305965424e-02
-4.557880107313394547e-03 5.681041162461042404e-03
-6.155759468674659729e-02 -3.490750864148139954e-02
1.092118322849273682e-01 5.716143548488616943e-02
8.449691534042358398e-02 -4.304437339305877686e-02
-9.352614730596542358e-02 -1.917372830212116241e-02
-4.913478344678878784e-02 1.184639111161231995e-01
-1.038840711116790771e-01 -2.339816465973854065e-02
9.535496681928634644e-02 -4.419764503836631775e-02
6.015271693468093872e-02 -6.005784124135971069e-02
-7.079424709081649780e-02 7.332906126976013184e-02
2.629539929330348969e-02 3.585236892104148865e-02
7.146024703979492188e-02 -8.683980256319046021e-02
-6.990834325551986694e-02 -7.984147220849990845e-02
-1.025644391775131226e-01 -6.648755818605422974e-02
-7.146918773651123047e-02 -8.909769356250762939e-02
8.040574193000793457e-02 8.525837212800979614e-02
3.779948875308036804e-02 3.671147301793098450e-02
-7.029180228710174561e-02 8.853837847709655762e-03
1.098773553967475891e-01 -3.836705908179283142e-02
1.097613498568534851e-01 -1.266846433281898499e-02
-4.934502020478248596e-02 6.024119257926940918e-02
-1.136977523565292358e-01 8.751527965068817139e-02
-2.627363801002502441e-02 7.599005475640296936e-04
-1.081931442022323608e-01 -2.693323977291584015e-02
-6.747017800807952881e-02 -9.940832853317260742e-02
-9.843311458826065063e-02 -4.645398259162902832e-02
-1.066172048449516296e-01 -1.994031481444835663e-02
-1.867875829339027405e-02 6.140976026654243469e-02
3.879025205969810486e-02 -7.410147041082382202e-02
3.638352826237678528e-02 2.700784057378768921e-02
-3.742172569036483765e-02 -8.785849809646606445e-02
-1.122345551848411560e-01 -4.877617582678794861e-02
-3.082827851176261902e-02 -1.219058930873870850e-01
-4.178145527839660645e-02 -8.110591024160385132e-02
-3.322624415159225464e-02 -5.029192566871643066e-02
4.868088290095329285e-02 1.633557491004467010e-02
-5.916370823979377747e-02 -1.825423724949359894e-02
-2.122232690453529358e-02 8.029923588037490845e-02
-9.539543651044368744e-03 -4.326267912983894348e-02
-5.618983134627342224e-02 -7.091291248798370361e-02
-7.843884080648422241e-02 -1.144030690193176270e-01
2.384802699089050293e-02 2.844957634806632996e-02
-3.794788941740989685e-02 5.823772400617599487e-02
-2.366819605231285095e-02 1.137876659631729126e-01
-1.031108051538467407e-01 4.034811165183782578e-03
-9.418704360723495483e-02 -9.049396961927413940e-02
-1.073220893740653992e-01 -4.243531264364719391e-03
-5.655943602323532104e-02 -1.062375307083129883e-02
7.093549519777297974e-02 3.722805529832839966e-02
1.086874827742576599e-01 7.304690312594175339e-03
3.354621678590774536e-02 -5.929909646511077881e-02
1.131863147020339966e-01 1.174506396055221558e-01
-4.603935405611991882e-02 5.709311366081237793e-02
1.232430189847946167e-01 -3.205480426549911499e-02
-3.081309050321578979e-02 -9.386864304542541504e-02
9.210126101970672607e-02 -5.651910975575447083e-02
1.092182993888854980e-01 7.660754024982452393e-02
-1.402809284627437592e-02 -5.954791605472564697e-02
1.058016270399093628e-01 -1.961391232907772064e-02
5.347426980733871460e-02 1.130434647202491760e-01
5.597736313939094543e-02 1.006549298763275146e-01
6.614037603139877319e-02 -5.886617302894592285e-02
4.881793633103370667e-02 -2.997879683971405029e-02
-9.664765745401382446e-02 6.119973957538604736e-02
-6.016651540994644165e-02 9.664096869528293610e-03
1.256989501416683197e-02 -1.495536230504512787e-02
9.378045797348022461e-02 3.978270292282104492e-02
1.118097081780433655e-01 -5.143272504210472107e-02
-7.417070120573043823e-02 2.306933887302875519e-02
6.866029649972915649e-02 -4.889338463544845581e-02
-5.056924000382423401e-02 -7.152291387319564819e-02
-1.997088827192783356e-02 1.208542659878730774e-01
-9.416463971138000488e-02 1.194589436054229736e-01
9.173567593097686768e-02 -9.428372234106063843e-02
-2.374874986708164215e-02 -6.547912210226058960e-02
-5.879630148410797119e-02 -8.436537533998489380e-02
2.272180281579494476e-02 -5.316944420337677002e-02
1.234169602394104004e-01 -8.416857570409774780e-02
1.262293476611375809e-02 5.848617851734161377e-02
-5.997449159622192383e-02 5.661743879318237305e-02
-7.712573558092117310e-02 9.315946954302489758e-04
4.359723255038261414e-02 -1.094450280070304871e-01
-3.191543743014335632e-02 -1.060402318835258484e-01
7.822403684258460999e-03 -2.202539332211017609e-02
7.171512395143508911e-02 -7.751882076263427734e-02
-8.221053332090377808e-02 1.954286918044090271e-02
9.150750935077667236e-02 -9.218636900186538696e-02
-8.486821502447128296e-02 -1.102230623364448547e-01
-1.242735013365745544e-01 -6.049289926886558533e-02
-3.523102775216102600e-02 -9.628763049840927124e-02
-4.999116808176040649e-02 -2.410831116139888763e-02
1.227372661232948303e-01 -1.000537648797035217e-01
3.419984504580497742e-02 8.900780975818634033e-02
-3.614926710724830627e-02 1.110920086503028870e-01
4.282518476247787476e-02 4.349570348858833313e-02
-1.011076867580413818e-01 1.959366165101528168e-02
-1.165066212415695190e-01 -2.680958434939384460e-02
9.866418689489364624e-02 4.979041870683431625e-03
1.109175235033035278e-01 -2.287683635950088501e-02
5.364796519279479980e-02 5.469278618693351746e-02
-5.306840687990188599e-02 -4.488754644989967346e-02
-1.181129291653633118e-01 3.475033119320869446e-02
1.110897660255432129e-01 4.191778134554624557e-03
-1.009810566902160645e-01 -4.723687097430229187e-02
-8.478515781462192535e-03 -8.205323666334152222e-02
-9.581285715103149414e-02 -5.919634550809860229e-02
8.999064564704895020e-02 -3.142934665083885193e-02
8.635339140892028809e-02 6.639362871646881104e-02
-2.863717637956142426e-02 2.135621197521686554e-02
-4.188402742147445679e-02 -6.802415847778320312e-02
1.194134056568145752e-01 2.195942774415016174e-02
9.379946440458297729e-02 -9.981184266507625580e-03
-3.992549329996109009e-02 7.325316220521926880e-02
-2.847529202699661255e-02 2.027678489685058594e-02
-5.491384863853454590e-02 3.761697560548782349e-02
-2.639810740947723389e-02 -1.046585440635681152e-01
8.595582842826843262e-02 -1.248989030718803406e-01
4.228654876351356506e-02 1.142835840582847595e-01
-7.588279247283935547e-02 -5.195823963731527328e-03
1.158302351832389832e-01 -3.328032046556472778e-02
9.242171049118041992e-02 6.524320691823959351e-02
-8.279453031718730927e-03 7.233374565839767456e-02
-1.151697635650634766e-01 1.053425669670104980e-01
-6.432741880416870117e-02 -1.014531776309013367e-01
1.177834495902061462e-01 1.179722175002098083e-01
3.852657601237297058e-02 5.814319849014282227e-02
-1.142714694142341614e-01 -2.300224080681800842e-02
4.355302825570106506e-02 1.229878738522529602e-01
6.731758266687393188e-02 3.063521534204483032e-02
4.220908507704734802e-02 9.517712891101837158e-02
2.650882489979267120e-02 4.241741262376308441e-03
-1.935264468193054199e-02 -4.440707853063941002e-04
4.034783318638801575e-02 9.420875459909439087e-02
-2.357822470366954803e-02 -5.361093953251838684e-02
9.998044371604919434e-02 -1.116792261600494385e-01
-5.135429278016090393e-02 -9.778348356485366821e-02
-2.068771794438362122e-02 -7.056783884763717651e-02
6.167880818247795105e-02 4.527155309915542603e-03
-9.460813552141189575e-02 -1.210045590996742249e-01
-5.902455002069473267e-02 9.305529296398162842e-02
-1.181241422891616821e-01 -6.854486186057329178e-03
-3.179927915334701538e-02 -4.533058498054742813e-03
-9.053917974233627319e-02 -9.847703576087951660e-02
-7.175733894109725952e-02 9.419326484203338623e-02
6.593045778572559357e-03 3.057864122092723846e-02
6.531576812267303467e-02 6.106921285390853882e-02
5.650559067726135254e-02 -1.182675361633300781e-01
-9.668213129043579102e-02 1.189424656331539154e-02
-9.043282270431518555e-02 -5.004080012440681458e-02
-6.815341114997863770e-02 1.120985150337219238e-01
-1.413551252335309982e-02 3.659699112176895142e-02
-1.221418082714080811e-01 -7.392697036266326904e-02
2.411805093288421631e-02 1.559762377291917801e-02
-1.025878041982650757e-01 1.058815717697143555e-01
-1.907588541507720947e-02 -1.029292866587638855e-01
-8.028365671634674072e-02 5.274403840303421021e-02
-7.711295038461685181e-02 1.172865033149719238e-01
-5.398158449679613113e-03 -7.127736508846282959e-02
-7.944405823945999146e-02 7.988999038934707642e-02
-9.303768724203109741e-02 1.077849119901657104e-01
-7.498314138501882553e-03 -2.369855158030986786e-02
-2.748717367649078369e-02 -2.102533326251432300e-04
9.111551195383071899e-02 6.297787651419639587e-03
9.868705272674560547e-02 6.789849698543548584e-02
2.670255117118358612e-02 -6.806968152523040771e-02
9.048621356487274170e-02 1.112700626254081726e-01
7.152220606803894043e-02 3.478123620152473450e-02
-2.408369258046150208e-02 -5.733597092330455780e-03
-4.333318397402763367e-02 1.831226795911788940e-02
-4.846337810158729553e-02 5.815592780709266663e-02
6.172797456383705139e-02 -4.456654191017150879e-02
5.696263629943132401e-03 -7.892082631587982178e-02
-1.040458604693412781e-01 -9.155268222093582153e-02
6.177294626832008362e-02 9.776785224676132202e-02
1.626552268862724304e-02 -1.202665194869041443e-01
-4.964986070990562439e-02 6.715491414070129395e-02
2.453584782779216766e-02 -1.224358379840850830e-01
1.067328825592994690e-01 5.346480011940002441e-02
8.115885406732559204e-02 -5.961965024471282959e-02
2.704725600779056549e-02 -5.257914960384368896e-02
-9.600212424993515015e-02 9.080693125724792480e-02
-1.120107099413871765e-01 2.800237387418746948e-02
-5.986834689974784851e-02 -9.238275885581970215e-02
-1.150441542267799377e-01 -2.649835497140884399e-02
1.206273138523101807e-01 -2.010352909564971924e-02
-5.112504959106445312e-02 2.294469252228736877e-02
-5.341139808297157288e-02 6.029821187257766724e-02
1.080285087227821350e-01 -9.040144830942153931e-02
-5.961649119853973389e-02 -8.188667893409729004e-02
-2.564043365418910980e-02 -2.798970323055982590e-03
-9.383620321750640869e-02 6.106297299265861511e-02
-9.809499233961105347e-02 -3.785829246044158936e-02
-1.609807834029197693e-02 4.616034775972366333e-02
-7.184999436140060425e-02 1.082924306392669678e-01
6.657946109771728516e-02 -3.515547141432762146e-02
7.297697663307189941e-02 -1.051629558205604553e-01
-2.591280452907085419e-02 9.483882039785385132e-02
9.212702512741088867e-02 7.921797037124633789e-02
-1.815350167453289032e-02 9.318757057189941406e-02
2.518260851502418518e-02 -3.609589859843254089e-02
9.921325743198394775e-02 6.489495933055877686e-02
-1.100875288248062134e-01 6.927337497472763062e-02
3.102484717965126038e-02 8.650744706392288208e-02
4.715395718812942505e-02 -1.018878072500228882e-01
6.363014131784439087e-02 -7.281591743230819702e-02
-4.763129726052284241e-02 -8.244515955448150635e-02
-7.014336436986923218e-02 -3.786549787037074566e-04
-8.478865027427673340e-02 1.072773486375808716e-01
-5.605856329202651978e-02 -1.231273710727691650e-01
9.486488252878189087e-02 9.593245387077331543e-02
7.241425663232803345e-02 1.005387678742408752e-01
-3.810475394129753113e-02 3.781309723854064941e-02
3.573179990053176880e-02 -4.413247853517532349e-02
-8.821143954992294312e-02 1.042100712656974792e-01
-7.383130490779876709e-02 1.883074268698692322e-02
-2.791445516049861908e-02 -3.813858330249786377e-02
-3.209364600479602814e-03 2.005749195814132690e-02
-1.039766743779182434e-01 -4.550303518772125244e-02
-5.509858950972557068e-02 6.851305719465017319e-03
1.141394004225730896e-01 -5.865874141454696655e-02
8.636209368705749512e-02 -7.951422780752182007e-02
2.474401704967021942e-02 -1.209954097867012024e-01
-5.558690056204795837e-02 5.510390922427177429e-02
4.055992886424064636e-02 -1.048505399376153946e-02
5.288159474730491638e-02 -1.192729249596595764e-01
-2.943242155015468597e-02 -1.064294874668121338e-01
-1.118102222681045532e-01 1.031279861927032471e-01
-1.327268593013286591e-02 6.983938068151473999e-02
2.311688847839832306e-02 8.095446228981018066e-02
-5.910102277994155884e-02 -7.770683616399765015e-02
7.383988797664642334e-02 -5.177187919616699219e-02
2.346538007259368896e-02 6.539274007081985474e-02
3.731460869312286377e-02 7.508181035518646240e-02
-7.490056753158569336e-02 6.971672177314758301e-02
-7.728996872901916504e-02 -9.682805277407169342e-03
1.481333561241626740e-02 -9.490621834993362427e-02
-6.763968616724014282e-02 6.610725075006484985e-03
7.395134121179580688e-02 -6.904241628944873810e-03
-3.605600818991661072e-02 -5.562428757548332214e-02
-1.058950573205947876e-01 4.109022021293640137e-02
6.759114097803831100e-03 -1.108960956335067749e-01
7.567188143730163574e-02 9.427905082702636719e-03
1.150388941168785095e-01 2.608227729797363281e-02
7.877183705568313599e-02 5.699307098984718323e-02
2.756782248616218567e-02 -7.488824427127838135e-02
-2.122104354202747345e-02 -8.786782622337341309e-02
6.843622028827667236e-02 -1.151083558797836304e-01
-5.413277447223663330e-02 5.430008843541145325e-02
1.135620772838592529e-01 3.249854082241654396e-03
4.355273209512233734e-03 -3.971860185265541077e-02
-1.171082854270935059e-01 9.896469861268997192e-02
-1.498568244278430939e-02 5.556004121899604797e-02
-2.385890111327171326e-02 5.578971654176712036e-02
-9.128896147012710571e-02 -1.025379374623298645e-01
-5.881901830434799194e-02 -9.360563755035400391e-02
6.781122833490371704e-02 -5.281721428036689758e-02
-1.220094189047813416e-01 -7.111184298992156982e-02
-1.012068614363670349e-01 3.501968085765838623e-02
2.199736051261425018e-02 1.151394620537757874e-01
-4.172861203551292419e-02 1.053862571716308594e-01
2.779808640480041504e-02 -7.030770182609558105e-02
1.173304840922355652e-01 7.317240536212921143e-02
-5.573151260614395142e-02 -1.530625112354755402e-02
-1.096626818180084229e-01 -6.955642998218536377e-02
4.612382035702466965e-03 -1.057530492544174194e-01
-5.718163773417472839e-02 2.773420512676239014e-02
-1.036904901266098022e-01 1.060322951525449753e-02
5.732115358114242554e-02 -2.943722344934940338e-02
9.780660271644592285e-02 -2.792863547801971436e-02
-6.780601292848587036e-02 1.169004514813423157e-01
3.311688452959060669e-02 5.852666869759559631e-02
-7.521869242191314697e-02 -1.080317306332290173e-03
-5.090288817882537842e-03 1.097440794110298157e-01
-7.187660038471221924e-02 6.448056548833847046e-02
1.137735322117805481e-01 -3.674323111772537231e-02
3.233837708830833435e-02 -2.533168345689773560e-02
-7.546254247426986694e-02 2.156865037977695465e-02
-9.653683751821517944e-02 -2.080619707703590393e-02
-1.133700832724571228e-01 -9.377764910459518433e-02
7.565300911664962769e-02 -6.910840980708599091e-03
-1.357052754610776901e-02 1.141683310270309448e-01
-5.048459395766258240e-02 -4.284204449504613876e-03
-5.883181840181350708e-02 1.050721928477287292e-01
8.909539133310317993e-02 -3.015770576894283295e-02
6.827849894762039185e-02 1.774322008714079857e-03
8.295540511608123779e-02 -6.924893823452293873e-04
-1.683605462312698364e-02 -2.622052654623985291e-02
-7.381144165992736816e-02 7.914042472839355469e-02
1.445407234132289886e-02 -8.035024255514144897e-02
1.079334411770105362e-02 6.399255711585283279e-03
-7.532535493373870850e-02 9.687934070825576782e-03
1.155030354857444763e-01 -2.509244345128536224e-02
-5.401334911584854126e-02 -3.657703101634979248e-02
1.939607784152030945e-02 -1.164965108036994934e-01
3.191369399428367615e-02 5.814324691891670227e-02
5.975467152893543243e-03 1.659229397773742676e-02
3.344197198748588562e-02 2.327386662364006042e-02
5.517771467566490173e-02 9.918142110109329224e-02
-3.127050120383501053e-03 -1.167264282703399658e-01
-3.401090204715728760e-02 1.187524199485778809e-01
6.596440821886062622e-02 -1.245709210634231567e-01
8.486656844615936279e-02 1.159190237522125244e-01
-5.272062495350837708e-03 6.900911778211593628e-02
4.676977545022964478e-02 1.764584449119865894e-03
8.466846309602260590e-03 -2.782482095062732697e-02
2.351879701018333435e-02 -7.244220376014709473e-02
-1.139037236571311951e-01 -4.790996760129928589e-02
-8.703717589378356934e-02 -1.157746911048889160e-01
4.114986956119537354e-02 4.537523165345191956e-02
1.174921989440917969e-01 8.572762459516525269e-02
3.778491169214248657e-03 -4.682017490267753601e-02
9.943597763776779175e-02 8.522240072488784790e-02
-7.523269206285476685e-02 -1.924861781299114227e-02
1.242203451693058014e-02 -1.623795740306377411e-02
1.179294511675834656e-01 7.678253948688507080e-02
-7.716138660907745361e-02 -2.472581155598163605e-02
1.979893539100885391e-03 1.962955109775066376e-03
5.910123139619827271e-02 4.729816317558288574e-02
3.783226758241653442e-02 3.961547743529081345e-03
-1.550181116908788681e-02 -3.171426430344581604e-02
-1.211326047778129578e-01 -4.510962963104248047e-02
-5.277118831872940063e-02 3.532673418521881104e-02
9.964296966791152954e-02 -7.968198508024215698e-03
-9.232772141695022583e-02 -3.510359674692153931e-02
-7.638321071863174438e-02 1.993422582745552063e-02
-1.218934655189514160e-01 8.407704532146453857e-02
8.962091803550720215e-02 7.425691932439804077e-02
1.202223002910614014e-01 -1.206732615828514099e-01
1.038454547524452209e-01 -8.257858455181121826e-02
3.164357692003250122e-02 5.807165801525115967e-02
-1.509503275156021118e-02 -1.606871187686920166e-02
1.226914077997207642e-01 7.588687818497419357e-03
-4.831596463918685913e-02 -2.630892023444175720e-02
-9.798353910446166992e-02 1.226829066872596741e-01
-9.395939856767654419e-02 -6.737700104713439941e-02
3.734530135989189148e-02 -2.606059797108173370e-02
-8.214800804853439331e-02 8.510176837444305420e-02
-1.227850466966629028e-01 -5.598077084869146347e-03
1.076760515570640564e-01 5.458445101976394653e-02
2.535075321793556213e-02 4.428461194038391113e-02
5.269549787044525146e-02 2.769132703542709351e-02
-1.052520498633384705e-01 3.452816233038902283e-02
5.015643313527107239e-02 -9.342730045318603516e-02
-1.352571696043014526e-02 1.166078001260757446e-01
-5.931690335273742676e-02 -1.134021952748298645e-01
4.003952816128730774e-02 -8.096192777156829834e-02
1.238814517855644226e-01 4.975254088640213013e-02
1.026340276002883911e-01 -3.783906251192092896e-02
4.078627377748489380e-02 -9.438784420490264893e-02
7.229135930538177490e-02 8.509127795696258545e-02
7.544986903667449951e-02 3.463960252702236176e-03
-7.209058851003646851e-02 4.570334218442440033e-03
2.469079755246639252e-02 1.201803162693977356e-01
3.600054606795310974e-02 -6.335862725973129272e-02
9.574384987354278564e-02 -6.193910911679267883e-02
9.910345077514648438e-02 2.006398700177669525e-02
9.773008525371551514e-02 -1.129136160016059875e-01
7.997893542051315308e-02 2.915047109127044678e-02
5.300104618072509766e-02 1.119078621268272400e-01
-8.526679128408432007e-02 4.033679887652397156e-02
1.077901721000671387e-01 3.606041194871068001e-03
-7.970549166202545166e-02 5.035471171140670776e-02
-3.068242222070693970e-02 -7.312858104705810547e-02
-9.072709828615188599e-02 -3.983812034130096436e-02
7.772187143564224243e-02 -2.429132908582687378e-02
6.950982846319675446e-03 -8.997051417827606201e-02
1.206321045756340027e-01 6.422007828950881958e-02
4.786883294582366943e-02 -1.158546730875968933e-01
9.610258787870407104e-02 5.496548861265182495e-02
1.566320308484137058e-03 -1.087032780051231384e-01
-5.655422434210777283e-02 7.907835394144058228e-02
8.196942508220672607e-02 -3.713661339133977890e-03
-9.854337573051452637e-02 -6.143163889646530151e-02
7.961109280586242676e-02 7.546768058091402054e-03
6.125162169337272644e-02 4.969406127929687500e-02
-9.055931121110916138e-02 1.222093850374221802e-01
-8.140958100557327271e-02 1.067894101142883301e-01
2.453869953751564026e-02 4.818661138415336609e-02
2.700500655919313431e-03 9.782788157463073730e-02
-1.020298600196838379e-01 -5.062184482812881470e-02
5.174943432211875916e-02 -1.150804236531257629e-01
7.093886286020278931e-02 2.634414844214916229e-02
-7.245475053787231445e-02 -2.054123673588037491e-03
3.155537182465195656e-03 1.142481714487075806e-01
1.140105500817298889e-01 -5.314982682466506958e-02
1.334471348673105240e-02 4.455441143363714218e-03
6.387604773044586182e-02 1.128380298614501953e-01
-7.247663289308547974e-02 -5.832536518573760986e-02
-2.800890989601612091e-02 -7.187757641077041626e-02
-6.245956569910049438e-02 1.055875495076179504e-01
-4.310796037316322327e-02 1.198674663901329041e-01
3.179226070642471313e-02 5.309579893946647644e-02
6.057471968233585358e-03 -1.034405529499053955e-01
7.421164959669113159e-02 2.020847611129283905e-02
4.939898103475570679e-02 1.137565225362777710e-01
4.666474461555480957e-02 -5.384909920394420624e-03
-9.065928310155868530e-02 9.738811850547790527e-02
-5.888744443655014038e-02 2.027642913162708282e-03
1.057893410325050354e-01 1.081589907407760620e-01
6.521181762218475342e-02 2.261822484433650970e-02
5.428445339202880859e-02 -3.433741256594657898e-02
6.280292570590972900e-02 4.060151055455207825e-02
-9.373255074024200439e-02 8.714542537927627563e-02
-6.579317152500152588e-02 -8.328402042388916016e-02
1.223118603229522705e-01 4.393792897462844849e-02
9.535212069749832153e-02 -1.050498187541961670e-01
1.208238005638122559e-01 8.506722748279571533e-02
8.359780907630920410e-02 3.575540846213698387e-03
-8.137173950672149658e-02 -9.884187579154968262e-02
5.955472216010093689e-02 7.955377548933029175e-02
6.192575767636299133e-02 -1.804215833544731140e-02
1.042698174715042114e-01 6.095670978538691998e-04
-9.211886674165725708e-02 -6.578825414180755615e-02
-7.073832210153341293e-03 1.145104244351387024e-01
-1.685138419270515442e-02 8.428718894720077515e-02
1.180216297507286072e-01 8.076817542314529419e-02
2.642517350614070892e-02 -1.116845980286598206e-01
-5.709960311651229858e-02 -1.846813410520553589e-02
1.044123619794845581e-01 1.061569973826408386e-01
1.248821895569562912e-02 -7.353498041629791260e-02
-9.361848980188369751e-02 -2.082934789359569550e-02
-9.156750142574310303e-02 1.094244867563247681e-01
-1.209221854805946350e-01 2.356076799333095551e-02
1.178251486271619797e-02 4.793936386704444885e-02
-1.102854683995246887e-01 -1.034384891390800476e-01
-7.745778560638427734e-02 -8.446304500102996826e-02
-1.121254786849021912e-01 1.953464746475219727e-02
7.744371891021728516e-02 -2.222015464212745428e-04
-1.110636368393898010e-01 6.933449208736419678e-02
-1.109273731708526611e-01 8.267736434936523438e-02
-8.544090390205383301e-02 -5.790637806057929993e-02
2.678475901484489441e-02 -6.011134758591651917e-02
1.302980445325374603e-02 -3.992854431271553040e-02
4.467659816145896912e-02 1.147793009877204895e-01
-1.042012050747871399e-01 -4.808089137077331543e-02
7.882707566022872925e-02 1.304251980036497116e-02
-1.380170881748199463e-02 -4.103211686015129089e-02
-6.613083649426698685e-03 5.722573027014732361e-02
4.573706164956092834e-02 -1.189295724034309387e-01
-6.185186654329299927e-02 4.355632886290550232e-02
4.136769846081733704e-02 3.786514326930046082e-02
-7.398875802755355835e-02 -1.052661389112472534e-01
6.797133386135101318e-02 9.619467705488204956e-02
6.993806362152099609e-02 -9.866163134574890137e-03
9.361805021762847900e-02 4.195420816540718079e-02
5.853367503732442856e-03 3.100387379527091980e-02
5.921932309865951538e-02 -9.212399274110794067e-02
-8.376850187778472900e-02 -4.540517926216125488e-02
1.073838174343109131e-01 -7.842256128787994385e-02
4.092525318264961243e-02 8.026505261659622192e-02
-9.539889544248580933e-02 -1.811793260276317596e-02
-8.960416167974472046e-02 9.567735344171524048e-02
1.219497397541999817e-01 -8.256221562623977661e-02
-3.313247859477996826e-02 1.101819723844528198e-01
