[[[runtime]]]
[[transaction]]           0
230400
230399
230398
230397
230396
230395
230394
230393
230392
230391
230390
230389
230388
230387
230386
230385
230384
230383
230382
230381
230380
230379
230378
230377
230376
230375
230374
230373
230372
230371
230370
230369
230368
230367
230366
230365
230364
230363
230362
230361
230360
230359
230358
230357
230356
230355
230354
230353
230352
230351
230350
230349
230348
230347
230346
230345
230344
230343
230342
230341
230340
230339
230338
230337
230336
230335
230334
230333
230332
230331
230330
230329
230328
230327
230326
230325
230324
230323
230322
230321
230320
230319
230318
230317
230316
230315
230314
230313
230312
230311
230310
230309
230308
230307
230306
230305
230304
230303
230302
230301
230300
230299
230298
230297
230296
230295
230294
230293
230292
230291
230290
230289
230288
230287
230286
230285
230284
230283
230282
230281
230280
230279
230278
230277
230276
230275
230274
230273
230272
230271
230270
230269
230268
230267
230266
230265
230264
230263
230262
230261
230260
230259
230258
230257
230256
230255
230254
230253
230252
230251
230250
230249
230248
230247
230246
230245
230244
230243
230242
230241
230240
230239
230238
230237
230236
230235
230234
230233
230232
230231
230230
230229
230228
230227
230226
230225
230224
230223
230222
230221
230220
230219
230218
230217
230216
230215
230214
230213
230212
230211
230210
230209
230208
230207
230206
230205
230204
230203
230202
230201
230200
230199
230198
230197
230196
230195
230194
230193
230192
230191
230190
230189
230188
230187
230186
230185
230184
230183
230182
230181
230180
230179
230178
230177
230176
230175
230174
230173
230172
230171
230170
230169
230168
230167
230166
230165
230164
230163
230162
230161
230160
230159
230158
230157
230156
230155
230154
230153
230152
230151
230150
230149
230148
230147
230146
230145
230144
230143
230142
230141
230140
230139
230138
230137
230136
230135
230134
230133
230132
230131
230130
230129
230128
230127
230126
230125
230124
230123
230122
230121
230120
230119
230118
230117
230116
230115
230114
230113
230112
230111
230110
230109
230108
230107
230106
230105
230104
230103
230102
230101
230100
230099
230098
230097
230096
230095
230094
230093
230092
230091
230090
230089
230088
230087
230086
230085
230084
230083
230082
230081
230080
230079
230078
230077
230076
230075
230074
230073
230072
230071
230070
230069
230068
230067
230066
230065
230064
230063
230062
230061
230060
230059
230058
230057
230056
230055
230054
230053
230052
230051
230050
230049
230048
230047
230046
230045
230044
230043
230042
230041
230040
230039
230038
230037
230036
230035
230034
230033
230032
230031
230030
230029
230028
230027
230026
230025
230024
230023
230022
230021
230020
230019
230018
230017
230016
230015
230014
230013
230012
230011
230010
230009
230008
230007
230006
230005
230004
230003
230002
230001
230000
229999
229998
229997
229996
229995
229994
229993
229992
229991
229990
229989
229988
229987
229986
229985
229984
229983
229982
229981
229980
229979
229978
229977
229976
229975
229974
229973
229972
229971
229970
229969
229968
229967
229966
229965
229964
229963
229962
229961
229960
229959
229958
229957
229956
229955
229954
229953
229952
229951
229950
229949
229948
229947
229946
229945
229944
229943
229942
229941
229940
229939
229938
229937
229936
229935
229934
229933
229932
229931
229930
229929
229928
229927
229926
229925
229924
229923
229922
229921
229920
229919
229918
229917
229916
229915
229914
229913
229912
229911
229910
229909
229908
229907
229906
229905
229904
229903
229902
229901
229900
229899
229898
229897
229896
229895
229894
229893
229892
229891
229890
229889
229888
229887
229886
229885
229884
229883
229882
229881
229880
229879
229878
229877
229876
229875
229874
229873
229872
229871
229870
229869
229868
229867
229866
229865
229864
229863
229862
229861
229860
229859
229858
229857
229856
229855
229854
229853
229852
229851
229850
229849
229848
229847
229846
229845
229844
229843
229842
229841
229840
229839
229838
229837
229836
229835
229834
229833
229832
229831
229830
229829
229828
229827
229826
229825
229824
229823
229822
229821
229820
229819
229818
229817
229816
229815
229814
229813
229812
229811
229810
229809
229808
229807
229806
229805
229804
229803
229802
229801
229800
229799
229798
229797
229796
229795
229794
229793
229792
229791
229790
229789
229788
229787
229786
229785
229784
229783
229782
229781
229780
229779
229778
229777
229776
229775
229774
229773
229772
229771
229770
229769
229768
229767
229766
229765
229764
229763
229762
229761
229760
229759
229758
229757
229756
229755
229754
229753
229752
229751
229750
229749
229748
229747
229746
229745
229744
229743
229742
229741
229740
229739
229738
229737
229736
229735
229734
229733
229732
229731
229730
229729
229728
229727
229726
229725
229724
229723
229722
229721
229720
229719
229718
229717
229716
229715
229714
229713
229712
229711
229710
229709
229708
229707
229706
229705
229704
229703
229702
229701
229700
229699
229698
229697
229696
229695
229694
229693
229692
229691
229690
229689
229688
229687
229686
229685
229684
229683
229682
229681
229680
229679
229678
229677
229676
229675
229674
229673
229672
229671
229670
229669
229668
229667
229666
229665
229664
229663
229662
229661
229660
229659
229658
229657
229656
229655
229654
229653
229652
229651
229650
229649
229648
229647
229646
229645
229644
229643
229642
229641
229640
229639
229638
229637
229636
229635
229634
229633
229632
229631
229630
229629
229628
229627
229626
229625
229624
229623
229622
229621
229620
229619
229618
229617
229616
229615
229614
229613
229612
229611
229610
229609
229608
229607
229606
229605
229604
229603
229602
229601
229600
229599
229598
229597
229596
229595
229594
229593
229592
229591
229590
229589
229588
229587
229586
229585
229584
229583
229582
229581
229580
229579
229578
229577
229576
229575
229574
229573
229572
229571
229570
229569
229568
229567
229566
229565
229564
229563
229562
229561
229560
229559
229558
229557
229556
229555
229554
229553
229552
229551
229550
229549
229548
229547
229546
229545
229544
229543
229542
229541
229540
229539
229538
229537
229536
229535
229534
229533
229532
229531
229530
229529
229528
229527
229526
229525
229524
229523
229522
229521
229520
229519
229518
229517
229516
229515
229514
229513
229512
229511
229510
229509
229508
229507
229506
229505
229504
229503
229502
229501
229500
229499
229498
229497
229496
229495
229494
229493
229492
229491
229490
229489
229488
229487
229486
229485
229484
229483
229482
229481
229480
229479
229478
229477
229476
229475
229474
229473
229472
229471
229470
229469
229468
229467
229466
229465
229464
229463
229462
229461
229460
229459
229458
229457
229456
229455
229454
229453
229452
229451
229450
229449
229448
229447
229446
229445
229444
229443
229442
229441
229440
229439
229438
229437
229436
229435
229434
229433
229432
229431
229430
229429
229428
229427
229426
229425
229424
229423
229422
229421
229420
229419
229418
229417
229416
229415
229414
229413
229412
229411
229410
229409
229408
229407
229406
229405
229404
229403
229402
229401
229400
229399
229398
229397
229396
229395
229394
229393
229392
229391
229390
229389
229388
229387
229386
229385
229384
229383
229382
229381
229380
229379
229378
229377
229376
229375
229374
229373
229372
229371
229370
229369
229368
229367
229366
229365
229364
229363
229362
229361
229360
229359
229358
229357
229356
229355
229354
229353
229352
229351
229350
229349
229348
229347
229346
229345
229344
229343
229342
229341
229340
229339
229338
229337
229336
229335
229334
229333
229332
229331
229330
229329
229328
229327
229326
229325
229324
229323
229322
229321
229320
229319
229318
229317
229316
229315
229314
229313
229312
229311
229310
229309
229308
229307
229306
229305
229304
229303
229302
229301
229300
229299
229298
229297
229296
229295
229294
229293
229292
229291
229290
229289
229288
229287
229286
229285
229284
229283
229282
229281
229280
229279
229278
229277
229276
229275
229274
229273
229272
229271
229270
229269
229268
229267
229266
229265
229264
229263
229262
229261
229260
229259
229258
229257
229256
229255
229254
229253
229252
229251
229250
229249
229248
229247
229246
229245
229244
229243
229242
229241
229240
229239
229238
229237
229236
229235
229234
229233
229232
229231
229230
229229
229228
229227
229226
229225
229224
229223
229222
229221
229220
229219
229218
229217
229216
229215
229214
229213
229212
229211
229210
229209
229208
229207
229206
229205
229204
229203
229202
229201
229200
[[/transaction]]
[[transaction]]           1
0
[[/transaction]]
[[[/runtime]]]
