7.376033812761306763e-02 1.380292177200317383e-01 -2.822900423780083656e-03
-9.978741407394409180e-02 -1.697569191455841064e-01 -9.860274940729141235e-02
1.560655832290649414e-01 1.068893373012542725e-01 1.160657256841659546e-01
3.786325454711914062e-02 3.115181066095829010e-02 1.683945022523403168e-02
-7.338847219944000244e-02 -5.547703802585601807e-02 1.760107576847076416e-01
6.043053418397903442e-02 -7.447479665279388428e-02 1.077775135636329651e-01
9.163140319287776947e-03 2.062997780740261078e-02 -1.387291848659515381e-01
-6.812344770878553391e-03 -1.891585811972618103e-02 -1.334691494703292847e-01
-2.367392927408218384e-02 -1.094675138592720032e-01 -7.608306407928466797e-02
1.883413642644882202e-01 9.480761736631393433e-02 1.245271563529968262e-01
-1.242186725139617920e-01 -1.058754697442054749e-01 -1.304240077733993530e-01
-6.213589012622833252e-02 1.465746164321899414e-01 7.786314189434051514e-02
-4.607649147510528564e-02 -8.136861026287078857e-02 -6.524112820625305176e-02
1.806232035160064697e-01 1.283795833587646484e-01 2.195880003273487091e-02
-1.488150656223297119e-01 1.815951615571975708e-01 -4.411929473280906677e-02
1.457004547119140625e-01 4.308115318417549133e-02 -3.791344538331031799e-02
-9.426771104335784912e-02 -2.651573531329631805e-02 2.531906962394714355e-02
-1.387141942977905273e-01 -1.257682442665100098e-01 1.787763088941574097e-01
1.531276553869247437e-01 4.459231719374656677e-02 6.820359826087951660e-02
-1.392623502761125565e-02 -4.536366462707519531e-02 -9.121268056333065033e-03
8.684378117322921753e-03 -8.719972521066665649e-02 1.617777347564697266e-01
-6.906491518020629883e-02 1.074410006403923035e-01 1.045326143503189087e-01
9.419558942317962646e-02 -2.476859663147479296e-04 1.415169388055801392e-01
1.723374873399734497e-01 -1.479871571063995361e-01 1.263479590415954590e-01
-1.601324230432510376e-01 1.722402721643447876e-01 -2.866234630346298218e-02
-7.275562733411788940e-02 1.087047159671783447e-01 -1.783475130796432495e-01
-1.026563942432403564e-01 -1.776053458452224731e-01 -1.811701804399490356e-01
-6.924531608819961548e-02 -1.076820269227027893e-01 1.042909827083349228e-02
8.311662077903747559e-02 -6.730654090642929077e-02 -1.786163542419672012e-03
-1.266162544488906860e-01 1.308896243572235107e-01 -1.267348825931549072e-01
-1.053471192717552185e-01 1.158458366990089417e-01 -9.197396785020828247e-02
-1.717321425676345825e-01 -1.636149138212203979e-01 -1.007112860679626465e-01
-1.002733856439590454e-01 -1.322464644908905029e-01 1.258669644594192505e-01
7.064000517129898071e-02 -1.739389598369598389e-01 1.618055850267410278e-01
-1.080255955457687378e-01 5.595375224947929382e-02 1.231397241353988647e-01
1.825454980134963989e-01 -2.731241099536418915e-02 -4.859362542629241943e-02
-1.809888929128646851e-01 1.418156325817108154e-01 2.205035090446472168e-02
1.350624412298202515e-01 -6.716862320899963379e-02 -8.458928205072879791e-03
1.160167157649993896e-01 1.214922964572906494e-01 7.678423076868057251e-02
1.375026404857635498e-01 7.509364932775497437e-02 1.265455037355422974e-01
1.935664415359497070e-01 -1.208144798874855042e-01 1.884866803884506226e-01
2.230238169431686401e-02 1.508673559874296188e-02 1.869117170572280884e-01
9.168770047836005688e-04 -1.771865636110305786e-01 -4.702936485409736633e-02
1.572649478912353516e-01 1.872068941593170166e-01 -6.678874045610427856e-02
-1.896262466907501221e-01 3.310492634773254395e-02 -1.538180559873580933e-01
1.033763736486434937e-01 -3.463586419820785522e-02 1.284889429807662964e-01
-1.271458435803651810e-02 1.066691279411315918e-01 2.434766851365566254e-03
1.871478259563446045e-01 1.113072857260704041e-01 1.885892748832702637e-01
1.279805302619934082e-01 3.878120100125670433e-03 -1.068049110472202301e-02
-1.901030167937278748e-02 6.450925767421722412e-02 -7.683401554822921753e-02
8.132079988718032837e-02 9.248174726963043213e-02 1.703270375728607178e-01
1.352989226579666138e-01 1.528048068284988403e-01 -5.208142846822738647e-02
1.569106280803680420e-01 -1.770426332950592041e-01 -2.027466706931591034e-02
-1.850875914096832275e-01 -1.869613304734230042e-02 -1.710549741983413696e-02
-1.664480939507484436e-02 -1.538088768720626831e-01 5.837230011820793152e-02
7.647230476140975952e-02 -1.804625242948532104e-01 1.329641342163085938e-01
-5.198577418923377991e-02 -7.352934777736663818e-02 -1.501579284667968750e-01
9.301028400659561157e-02 1.296090483665466309e-01 5.235866457223892212e-02
-7.500077039003372192e-02 -1.402907669544219971e-01 -1.315646469593048096e-01
-5.562150850892066956e-02 7.060648500919342041e-02 1.177465692162513733e-01
1.335523426532745361e-01 2.898980863392353058e-02 -6.247582286596298218e-02
1.775718331336975098e-01 -1.443534940481185913e-01 1.499050706624984741e-01
8.928675949573516846e-02 1.557721495628356934e-01 -1.767591834068298340e-01
3.460147604346275330e-02 -1.027727052569389343e-01 1.825304031372070312e-01
-1.702591478824615479e-01 -6.777997314929962158e-02 -8.331957459449768066e-02
-1.663226485252380371e-01 -1.362815648317337036e-01 -1.023387461900711060e-01
-1.311137974262237549e-01 1.077632978558540344e-01 2.362582646310329437e-02
-4.022160544991493225e-02 3.459767624735832214e-02 -1.131270751357078552e-01
1.832680702209472656e-01 -6.663884967565536499e-02 4.790201410651206970e-02
6.489688903093338013e-02 5.773214250802993774e-02 1.672936603426933289e-02
4.472913220524787903e-02 -5.081817507743835449e-02 3.475343436002731323e-02
1.266335994005203247e-01 1.476174890995025635e-01 1.858682334423065186e-01
