1.851268298923969269e-02 -1.190302446484565735e-01 6.202096864581108093e-02
1.133786961436271667e-01 -3.476568311452865601e-02 -1.026053875684738159e-01
-5.481358245015144348e-02 7.996305078268051147e-02 -3.090953826904296875e-02
-7.984691858291625977e-02 6.752047687768936157e-02 4.950368776917457581e-02
2.886931970715522766e-02 -1.046504005789756775e-01 -8.980328589677810669e-02
-1.740787178277969360e-02 -6.882928311824798584e-02 -6.363493949174880981e-02
7.783621549606323242e-02 5.051562190055847168e-02 -1.004975289106369019e-02
-9.376579895615577698e-03 2.952521666884422302e-02 -6.445899605751037598e-02
-1.099331006407737732e-01 3.022790886461734772e-02 9.963819757103919983e-03
2.996449172496795654e-02 3.795985504984855652e-02 -1.049855910241603851e-02
-7.034321874380111694e-02 -9.640584886074066162e-02 -3.619457781314849854e-02
-6.201321631669998169e-02 7.071913033723831177e-02 1.486985385417938232e-02
-4.827361181378364563e-02 6.278993934392929077e-02 -1.057980954647064209e-01
7.821384817361831665e-02 2.794327773153781891e-02 -1.198132634162902832e-01
-1.042979136109352112e-01 -2.877367101609706879e-02 1.020519062876701355e-02
-7.340236753225326538e-02 -4.934950545430183411e-02 -1.173658072948455811e-01
3.449707478284835815e-02 -6.721698492765426636e-02 -2.573019452393054962e-02
-7.806896697729825974e-03 6.002805382013320923e-02 4.602354019880294800e-02
4.551292397081851959e-03 5.506090447306632996e-02 -4.550581052899360657e-02
-9.748701751232147217e-02 -1.306015066802501678e-02 8.069182187318801880e-02
7.230412214994430542e-02 -1.076897010207176208e-01 -1.102672517299652100e-01
8.729979395866394043e-02 -4.440032690763473511e-02 -4.982604458928108215e-02
-9.558469802141189575e-02 -7.399562001228332520e-02 -3.013078495860099792e-02
2.349933609366416931e-02 -1.806863583624362946e-02 4.627127200365066528e-02
-7.251134514808654785e-02 2.264957502484321594e-02 3.552820533514022827e-02
-2.542926184833049774e-02 -5.752657353878021240e-02 -3.027835488319396973e-02
-8.530490845441818237e-02 4.577000159770250320e-03 3.336707502603530884e-02
-6.745971739292144775e-02 -6.231445074081420898e-02 1.519206818193197250e-02
-2.875156328082084656e-02 8.090926706790924072e-02 -2.289748378098011017e-02
-4.686657711863517761e-02 2.123881876468658447e-02 -6.195903196930885315e-02
-5.404504016041755676e-02 -4.218832403421401978e-02 -3.880945965647697449e-02
2.989484928548336029e-02 -7.077349722385406494e-02 5.486807227134704590e-02
-7.082220166921615601e-02 -5.549155175685882568e-02 3.404196724295616150e-02
-8.110261708498001099e-02 1.049761101603507996e-01 -3.146233782172203064e-02
1.964219287037849426e-02 1.031665503978729248e-01 3.567655384540557861e-02
-3.537454083561897278e-02 -5.425701662898063660e-02 7.059358805418014526e-02
-1.145575493574142456e-01 -1.055787876248359680e-01 -7.689369376748800278e-03
-1.000557914376258850e-01 -1.133473664522171021e-01 2.211388945579528809e-02
6.780504249036312103e-03 2.256840467453002930e-02 8.343756943941116333e-02
-5.427045747637748718e-02 -8.754082769155502319e-02 -1.969385892152786255e-02
4.520292580127716064e-02 -7.691496610641479492e-02 4.318841919302940369e-02
-1.094296425580978394e-01 3.181385248899459839e-02 -1.187908127903938293e-01
5.144394934177398682e-02 -6.135810539126396179e-02 -1.259201765060424805e-02
8.576021343469619751e-02 6.024098023772239685e-02 -8.570600301027297974e-02
7.404554635286331177e-02 4.644098132848739624e-02 4.684837162494659424e-02
6.341711431741714478e-02 -4.641587659716606140e-02 -1.537508144974708557e-02
-3.373715654015541077e-02 1.047571599483489990e-01 9.233868867158889771e-02
-2.721749246120452881e-03 3.146090079098939896e-03 7.482391595840454102e-02
1.160524934530258179e-01 7.251971215009689331e-02 -1.932773552834987640e-02
-8.569817245006561279e-02 -8.467253297567367554e-02 -5.051132664084434509e-02
6.608373671770095825e-02 9.306818991899490356e-02 -2.445726841688156128e-02
-7.558053731918334961e-02 5.206022784113883972e-02 -6.193208694458007812e-02
2.682701684534549713e-02 4.472162947058677673e-02 2.302373573184013367e-02
-1.175712645053863525e-01 -1.162339746952056885e-01 1.087600737810134888e-01
-6.701765209436416626e-02 -4.768269136548042297e-02 1.071745753288269043e-01
-1.125252619385719299e-01 5.614437162876129150e-02 -6.409361958503723145e-02
5.801386758685112000e-02 -2.665988542139530182e-02 -5.418755486607551575e-02
-9.505791217088699341e-02 -7.772180438041687012e-02 1.020985767245292664e-01
-8.292891830205917358e-02 -1.266001444309949875e-02 -8.647204935550689697e-02
5.057089403271675110e-02 7.501334697008132935e-02 6.694252043962478638e-02
-5.481939390301704407e-02 8.935616910457611084e-02 -1.272358894348144531e-01
4.061834886670112610e-02 -1.068026497960090637e-01 1.013308390974998474e-01
-2.444895170629024506e-02 -1.175078302621841431e-01 -3.195143118500709534e-02
-5.488547310233116150e-02 -1.059745699167251587e-01 -6.345713138580322266e-02
5.476786568760871887e-02 5.590240005403757095e-03 9.742710739374160767e-02
-1.028753742575645447e-01 6.399153918027877808e-02 -8.245632797479629517e-02
-2.835153415799140930e-02 6.186895817518234253e-02 4.232835769653320312e-02
9.488511830568313599e-02 6.657267361879348755e-02 -2.514395397156476974e-03
5.670311674475669861e-02 -8.509894460439682007e-02 1.128396764397621155e-01
4.516520723700523376e-02 4.447720199823379517e-02 -1.040216684341430664e-01
6.830585002899169922e-02 -2.326831407845020294e-02 3.527498804032802582e-03
-4.837262257933616638e-02 -3.899788483977317810e-02 1.149085164070129395e-01
1.582285389304161072e-02 -5.413656309247016907e-02 -1.683741621673107147e-02
-1.108729615807533264e-01 8.041655272245407104e-02 -5.276408046483993530e-02
-3.360274806618690491e-02 1.072606593370437622e-01 -1.155902594327926636e-01
-4.907732456922531128e-02 5.116780847311019897e-02 4.223284497857093811e-02
-1.188047081232070923e-01 -5.393387377262115479e-02 2.374462969601154327e-02
-8.824067562818527222e-02 6.669658422470092773e-02 7.379930466413497925e-02
-1.238157600164413452e-01 -8.282302320003509521e-02 -3.129897266626358032e-02
-8.406913280487060547e-02 -1.283222585916519165e-01 3.598422184586524963e-02
-1.244233623147010803e-01 -5.932507663965225220e-02 -4.770706966519355774e-02
4.308747500181198120e-02 4.239033535122871399e-02 -1.125270128250122070e-01
8.340087532997131348e-02 1.240880228579044342e-02 3.324005752801895142e-02
-1.829901826567947865e-03 -4.617051407694816589e-02 -9.261139482259750366e-02
-8.624912798404693604e-02 1.710415631532669067e-02 9.511826932430267334e-02
-1.249099877895787358e-04 8.698243647813796997e-02 1.120613068342208862e-01
-8.452559262514114380e-02 -9.440711885690689087e-02 5.554620176553726196e-02
3.346809372305870056e-02 -3.204129263758659363e-02 9.660439938306808472e-02
1.041561141610145569e-01 -6.669130641967058182e-03 -2.486616745591163635e-02
-3.209247067570686340e-02 3.168802335858345032e-02 -1.075368672609329224e-01
-5.095299705862998962e-02 9.803289920091629028e-02 -9.155886620283126831e-02
1.167825013399124146e-01 -4.678598791360855103e-02 -4.840364679694175720e-02
8.089467883110046387e-02 -2.562502585351467133e-02 2.405560575425624847e-02
-6.469836086034774780e-02 4.170576855540275574e-02 4.545568674802780151e-02
-8.122251927852630615e-02 8.375694602727890015e-02 -3.572247549891471863e-02
1.039845794439315796e-01 -1.109600514173507690e-01 9.162835031747817993e-02
-4.775419086217880249e-02 1.304380446672439575e-01 -3.592048957943916321e-02
3.471171483397483826e-02 4.042733460664749146e-02 1.020706817507743835e-01
1.093450039625167847e-01 -2.813271246850490570e-02 1.273945420980453491e-01
-9.508284926414489746e-02 -4.697274044156074524e-02 3.028538078069686890e-02
8.323015272617340088e-02 8.118720352649688721e-02 5.681496486067771912e-02
-6.165461614727973938e-02 -7.674459367990493774e-02 -7.640632987022399902e-02
1.153875440359115601e-01 -1.061774939298629761e-01 9.541891515254974365e-03
7.118058204650878906e-02 -4.425000771880149841e-02 7.985241711139678955e-02
1.970001030713319778e-03 9.876064211130142212e-02 2.909682691097259521e-02
1.294166408479213715e-02 6.638107448816299438e-02 -1.056160107254981995e-01
3.842986375093460083e-02 -6.003640592098236084e-02 1.020851358771324158e-01
9.657923877239227295e-02 -5.533063039183616638e-02 6.723967939615249634e-02
2.366214804351329803e-02 8.224632591009140015e-03 5.868895351886749268e-02
3.185100108385086060e-02 -8.981509134173393250e-03 9.566049277782440186e-02
2.986583113670349121e-02 1.126589812338352203e-02 7.932910323143005371e-02
-8.258373476564884186e-03 -2.368440851569175720e-02 4.237607866525650024e-02
-1.251256018877029419e-01 -5.267284065485000610e-02 6.111865863204002380e-03
-7.766187191009521484e-02 5.668111518025398254e-02 -1.162638366222381592e-01
2.012525871396064758e-02 -8.668212592601776123e-02 6.128997728228569031e-02
-4.310741648077964783e-02 -1.536167599260807037e-02 9.524007886648178101e-02
-5.857251212000846863e-02 -5.237849056720733643e-02 -4.434164240956306458e-02
-4.505315050482749939e-02 8.206155896186828613e-02 -9.419813752174377441e-02
-8.329427242279052734e-02 6.021412089467048645e-03 6.235032156109809875e-02
-3.886264562606811523e-02 5.706831067800521851e-02 -8.027927018702030182e-03
1.558175310492515564e-02 8.322636783123016357e-02 -5.590160377323627472e-03
5.590388178825378418e-02 1.506602112203836441e-02 8.731149882078170776e-02
-9.966665506362915039e-02 -1.576896570622920990e-02 3.012034110724925995e-02
-5.238030478358268738e-02 -3.281540051102638245e-02 -1.103128343820571899e-01
-1.217913627624511719e-02 -1.962675480172038078e-03 -7.806262373924255371e-02
1.040151491761207581e-01 1.056229472160339355e-01 1.125730499625205994e-01
-6.639173626899719238e-02 -1.103126257658004761e-01 -2.461655810475349426e-02
-5.914947949349880219e-03 1.529267895966768265e-02 -1.264023501425981522e-02
7.714391499757766724e-02 -6.358722597360610962e-02 -7.838611304759979248e-02
-9.098703414201736450e-02 -3.127095755189657211e-03 2.260963246226310730e-02
-5.535672977566719055e-02 1.010354310274124146e-01 -4.393528029322624207e-02
6.298948545008897781e-03 -9.083982557058334351e-02 -5.308272689580917358e-02
2.611089032143354416e-03 6.246491894125938416e-02 -1.092966571450233459e-01
-8.407402783632278442e-02 -6.709986925125122070e-02 1.116837561130523682e-01
3.387370333075523376e-02 -9.144571423530578613e-02 -3.512354940176010132e-02
1.001539826393127441e-01 8.693009614944458008e-02 7.295675575733184814e-02
-3.295803815126419067e-02 4.130921885371208191e-02 -8.708912879228591919e-02
-2.736122906208038330e-02 -3.781626373529434204e-02 -9.083614498376846313e-02
-4.483507946133613586e-02 2.357320860028266907e-03 9.982326999306678772e-03
-1.123758871108293533e-02 8.021458052098751068e-03 -8.000495284795761108e-02
-4.394771903753280640e-02 -1.790012046694755554e-02 -1.034504175186157227e-01
1.450309809297323227e-02 2.740083821117877960e-02 2.436028793454170227e-02
-1.148215234279632568e-01 -9.649064391851425171e-02 -5.879513919353485107e-02
-8.633193373680114746e-02 -1.140234023332595825e-01 -7.879593968391418457e-02
3.833732008934020996e-02 -2.111330069601535797e-02 -3.033734299242496490e-02
2.007353585213422775e-03 4.565542191267013550e-02 9.451498091220855713e-02
9.072592854499816895e-02 -1.047054752707481384e-01 6.747502088546752930e-02
2.619967237114906311e-02 8.012272417545318604e-02 4.393384978175163269e-02
2.489953674376010895e-02 2.144736237823963165e-02 -2.641805913299322128e-03
-2.685964107513427734e-03 6.318520754575729370e-02 5.783752351999282837e-02
-8.338349312543869019e-02 -1.371400896459817886e-02 -1.057773306965827942e-01
5.795698985457420349e-02 3.954091668128967285e-02 9.798582643270492554e-02
-1.684650965034961700e-02 5.380461737513542175e-02 -6.815277785062789917e-02
-5.856617912650108337e-02 4.165998473763465881e-02 1.051260605454444885e-01
-7.670982927083969116e-02 -9.771579504013061523e-02 -4.998257011175155640e-02
1.007342059165239334e-02 -1.097654998302459717e-01 4.171371087431907654e-02
8.166674524545669556e-02 -2.306527830660343170e-02 5.312544107437133789e-02
1.033059656620025635e-01 5.877723544836044312e-02 -2.884494606405496597e-03
-4.821199923753738403e-02 -7.560327649116516113e-02 -9.433750063180923462e-02
3.180891647934913635e-02 -1.138030216097831726e-01 1.015387922525405884e-01
7.998938858509063721e-02 -1.041448861360549927e-01 -6.809952855110168457e-02
1.287813112139701843e-02 -1.784443482756614685e-02 4.244533553719520569e-02
-9.263646602630615234e-02 -7.245866954326629639e-02 -1.056908890604972839e-01
2.362825348973274231e-02 -6.540086865425109863e-02 1.132158488035202026e-01
8.358260244131088257e-02 -5.893907696008682251e-02 5.647337809205055237e-02
-8.536218106746673584e-02 -5.579485744237899780e-02 3.851774148643016815e-03
1.047229841351509094e-01 -7.794994115829467773e-02 9.244565665721893311e-02
-9.673832356929779053e-02 -3.277485072612762451e-02 -8.148689568042755127e-02
-5.913692712783813477e-02 -5.979863926768302917e-02 3.333744034171104431e-02
6.204218789935112000e-02 1.106653437018394470e-01 -4.256604239344596863e-02
3.739286959171295166e-02 -1.091145500540733337e-01 3.006205707788467407e-02
9.538845717906951904e-02 7.070058584213256836e-02 4.214282333850860596e-02
-2.564160712063312531e-02 -7.293560355901718140e-02 9.080497175455093384e-02
1.089004129171371460e-01 3.514763712882995605e-02 -1.042600646615028381e-01
3.199769183993339539e-02 6.593856960535049438e-02 -2.400521188974380493e-02
-9.534133598208427429e-03 7.563123852014541626e-02 -1.094912737607955933e-01
7.698488980531692505e-02 9.028814733028411865e-03 -1.112743467092514038e-01
-6.036136671900749207e-02 -3.085703961551189423e-02 2.984840795397758484e-02
-8.769449591636657715e-02 -9.768192470073699951e-02 -5.866586230695247650e-03
-1.013010144233703613e-01 -1.025081053376197815e-02 -4.126287624239921570e-02
-6.325679272413253784e-02 -6.113392114639282227e-02 -5.384643003344535828e-02
-3.342906013131141663e-02 -6.922879070043563843e-02 7.880993187427520752e-02
-8.709133602678775787e-03 -2.824455872178077698e-02 1.088201254606246948e-02
1.079792156815528870e-01 3.174567222595214844e-02 9.689180552959442139e-02
9.679339826107025146e-02 5.439007654786109924e-02 7.184419780969619751e-02
-3.539310395717620850e-02 5.884623900055885315e-02 -1.541032269597053528e-02
-1.088810265064239502e-01 -6.877807527780532837e-02 -6.679210811853408813e-02
1.225103531032800674e-02 -7.325826585292816162e-02 -9.929551184177398682e-02
-1.509243808686733246e-02 1.159348264336585999e-01 -8.775397390127182007e-02
-5.504751950502395630e-02 -7.875807583332061768e-02 -6.605432927608489990e-02
6.671836227178573608e-02 -1.212895102798938751e-02 5.479259416460990906e-02
4.843843728303909302e-02 1.921172812581062317e-02 -5.445880442857742310e-02
