9.998677968978881836e-01
1.000007629394531250e+00
9.999900460243225098e-01
9.999597668647766113e-01
9.998806118965148926e-01
9.999362826347351074e-01
1.000013232231140137e+00
9.999952912330627441e-01
1.000125050544738770e+00
1.000021576881408691e+00
9.999241828918457031e-01
9.999840259552001953e-01
1.000036835670471191e+00
9.999879002571105957e-01
1.000042796134948730e+00
9.999594688415527344e-01
1.000019788742065430e+00
1.000004291534423828e+00
1.000055551528930664e+00
1.000009417533874512e+00
9.999662637710571289e-01
9.999802112579345703e-01
9.999842643737792969e-01
9.999580383300781250e-01
1.000143408775329590e+00
9.999688267707824707e-01
1.000071167945861816e+00
9.999652504920959473e-01
9.999967813491821289e-01
1.000059485435485840e+00
9.999896287918090820e-01
1.000038146972656250e+00
