9.998986124992370605e-01
1.000038385391235352e+00
9.995414018630981445e-01
1.000076770782470703e+00
9.998318552970886230e-01
9.998096227645874023e-01
9.999762177467346191e-01
9.998150467872619629e-01
9.999228715896606445e-01
9.999167919158935547e-01
1.000039458274841309e+00
9.997273683547973633e-01
9.998791813850402832e-01
9.998632669448852539e-01
9.997767210006713867e-01
9.999418854713439941e-01
9.999461770057678223e-01
9.999482035636901855e-01
9.997580647468566895e-01
9.999218583106994629e-01
9.997904300689697266e-01
9.999395012855529785e-01
9.997830390930175781e-01
9.998328089714050293e-01
9.998536109924316406e-01
9.999384880065917969e-01
9.999956488609313965e-01
9.999294877052307129e-01
9.997190237045288086e-01
9.999777674674987793e-01
9.999457001686096191e-01
9.997990131378173828e-01
