00100
01000
11111
11001
10101
11001
01001
00110
00111
00010
00001
00001
11011
11100
01011
00011
11011
00110
00000
00001
10111
11111
11110
10111
11110
11000
11011
01100
00110
00111
11000
11001
10111
11100
01001
00100
11101
11010
11011
01011
01000
00001
10110
01011
11101
01001
00010
11101
11001
11110
00001
10111
10111
01011
01001
00010
00100
11111
11101
11111
00000
11010
01010
11011
00110
00110
00110
11111
01001
01011
10110
01000
10101
01011
11110
11011
00110
10100
11001
10100
10100
11011
11001
00000
00101
11011
11111
10111
01000
10111
11001
00111
11010
10101
10101
11001
11001
10111
01000
00100
10100
01010
11001
00011
00111
01011
11110
11100
10100
01001
00001
01000
11011
11111
00111
00111
00100
01000
00100
01000
01100
11000
01100
00001
00000
01011
00000
10100
11100
01010
01011
11011
10011
00010
10110
00110
11101
01000
11111
00110
00000
01011
00111
01100
01000
00000
11111
11110
00100
11011
00101
00101
01010
01000
01001
11100
01010
10100
11110
10100
11110
11110
11110
10110
00011
00100
10100
01000
11100
11011
10110
00101
01000
00011
11011
10111
10111
11100
00100
00111
01000
00001
11100
01011
10110
01001
00101
01001
10100
00010
11001
01011
10101
11011
11010
10101
10111
11001
10111
00110
00001
11101
00010
11000
01011
11011
00011
00100
00011
00001
00010
11100
00010
01000
01001
01011
00001
11000
00011
00111
11101
11001
11100
00101
11110
11010
00100
00011
00001
11001
11010
11110
11011
11011
00100
00011
11111
11111
00001
11011
11000
00001
00000
00001
00010
11111
11011
11001
11101
11100
00100
00000
11100
00100
11001
00101
00001
11000
11001
11110
00000
11011
11100
11000
00010
11011
11110
11111
00011
00010
00000
00011
11101
11001
11111
00101
00100
11001
11000
00101
11101
11100
11001
11011
11110
00001
11110
00010
11011
00001
00010
11110
11100
11110
11010
00000
00010
11011
11100
00000
11110
00101
11110
11101
00001
11100
11100
11101
11101
00001
11011
00011
11011
11100
00010
11010
00110
11101
00001
00110
00010
11101
11100
00100
11000
11001
11111
11001
11000
00001
00000
00001
00101
11100
11010
11110
00010
11011
00010
11000
00010
11000
00011
11100
11111
00101
00011
11010
00100
00010
00010
00100
11101
11111
11101
00110
00101
11111
00000
00100
00111
00100
11110
11010
11010
11100
00100
00101
11110
11011
00011
11100
00001
00010
00001
11000
11000
00110
11011
11100
00110
11000
00011
11011
00011
11110
11100
11001
11011
00110
11010
11111
11010
00011
00100
00100
11100
00101
10111
00010
11001
00110
11110
11000
11101
11100
11001
11011
00011
00000
00110
11001
00100
11010
11110
00011
00010
00110
00100
11111
00011
11010
00111
00010
00010
11001
00100
11110
00000
11100
11101
00111
00001
11100
11110
11000
00101
11100
11101
00110
11000
11100
00011
00010
11000
11100
00001
11010
00100
00100
11000
11010
11101
11010
10111
00010
11000
11100
11100
00010
00010
11000
00101
00000
00010
11111
11101
11010
11010
00001
00110
11111
00101
00111
11010
11001
00011
00010
11101
00110
00110
11111
11110
11101
00010
11001
11100
00110
11010
00111
11101
11100
00101
11110
00001
11011
00010
00010
11010
00101
11101
00110
11000
00101
11100
01000
11101
00010
00010
00110
00110
11110
01000
11001
11100
00001
00101
00101
00011
11100
11011
11011
00111
11001
00000
00100
11101
00101
00000
00110
00001
00000
00100
11001
00010
11100
00110
00110
11100
00100
00001
00000
00011
00010
11111
00110
00001
00000
00101
11111
11110
00010
10111
11100
00000
11011
00011
11000
00001
11010
00011
11101
11111
00110
11100
11100
11101
11101
00101
11001
11010
00000
00011
11101
00011
11111
00000
00101
11111
00011
00000
00101
11001
11110
00001
11100
11101
11000
11111
11111
11011
00110
00110
00111
11011
11000
11110
11111
00000
11111
00100
11011
11010
11010
11111
00001
11100
00110
11101
00000
11010
11100
00000
00011
11001
11010
11011
00111
00010
11010
11101
00110
00101
00100
11101
00010
11010
11110
11101
11010
11101
00000
00000
11111
00000
11010
11101
11110
11001
00000
00001
00001
11000
11001
11100
11010
11000
11010
00010
11110
11110
00000
00010
00110
00101
11001
00100
00001
00101
00010
00001
00001
11111
11111
00100
00011
11010
11111
11001
00011
00010
00110
11110
00011
11011
11100
00010
00110
11011
11001
11100
00000
11000
00010
00101
11110
00011
00110
00011
11111
11100
11011
11001
00010
11000
00110
00101
11001
11011
00000
11110
00010
11010
11011
11001
00001
11011
00111
00101
11100
00011
11010
11100
00000
00110
11011
00101
11001
11101
11010
11100
11100
00010
00011
00111
11101
00010
11001
00001
00110
00100
00010
11110
11011
00101
00110
00010
11001
00010
00100
11110
11111
00100
11000
00100
00000
11000
11100
11110
00001
11010
11001
11111
11001
11111
11101
11011
11100
11100
11101
11011
00101
11111
11110
00000
00110
00010
00110
00110
00011
00100
11101
00011
11111
11001
11011
11011
00000
11011
11001
11111
00111
11010
11100
11010
11011
00100
11111
00011
00011
00001
11100
