1.000006318092346191e+00
1.000002861022949219e+00
9.999987483024597168e-01
9.999971985816955566e-01
1.000007629394531250e+00
1.000012874603271484e+00
1.000001072883605957e+00
9.999906420707702637e-01
9.999904036521911621e-01
9.999845027923583984e-01
1.000005841255187988e+00
9.999935030937194824e-01
9.999958872795104980e-01
9.999933242797851562e-01
1.000005245208740234e+00
1.000006079673767090e+00
9.999976158142089844e-01
1.000000357627868652e+00
1.000000834465026855e+00
1.000004649162292480e+00
1.000000000000000000e+00
1.000011086463928223e+00
1.000000834465026855e+00
9.999902844429016113e-01
9.999929070472717285e-01
1.000000238418579102e+00
9.999877810478210449e-01
1.000002145767211914e+00
1.000005841255187988e+00
9.999873042106628418e-01
9.999968409538269043e-01
9.999997615814208984e-01
9.999921321868896484e-01
1.000001549720764160e+00
9.999953508377075195e-01
1.000008940696716309e+00
9.999982118606567383e-01
9.999902248382568359e-01
9.999932050704956055e-01
1.000000119209289551e+00
9.999992847442626953e-01
9.999986290931701660e-01
9.999977946281433105e-01
1.000011801719665527e+00
9.999901652336120605e-01
9.999995231628417969e-01
9.999949932098388672e-01
9.999988079071044922e-01
1.000007271766662598e+00
9.999944567680358887e-01
9.999893307685852051e-01
1.000005245208740234e+00
9.999938011169433594e-01
1.000000715255737305e+00
1.000003457069396973e+00
9.999817609786987305e-01
9.999963641166687012e-01
1.000004053115844727e+00
1.000001072883605957e+00
9.999937415122985840e-01
9.999923706054687500e-01
9.999876618385314941e-01
9.999929666519165039e-01
9.999998211860656738e-01
