1.000004053115844727e+00
9.999988675117492676e-01
9.999985694885253906e-01
9.999977350234985352e-01
9.999929070472717285e-01
9.999997615814208984e-01
9.999962449073791504e-01
9.999926686286926270e-01
1.000000476837158203e+00
9.999997019767761230e-01
1.000005841255187988e+00
9.999942779541015625e-01
9.999933242797851562e-01
1.000002861022949219e+00
1.000004768371582031e+00
9.999954104423522949e-01
9.999942183494567871e-01
1.000007629394531250e+00
9.999937415122985840e-01
9.999862909317016602e-01
9.999989271163940430e-01
1.000009179115295410e+00
1.000007152557373047e+00
9.999964237213134766e-01
9.999971389770507812e-01
9.999988079071044922e-01
9.999971389770507812e-01
9.999909400939941406e-01
1.000005364418029785e+00
9.999907612800598145e-01
9.999983906745910645e-01
1.000015735626220703e+00
1.000006318092346191e+00
9.999805092811584473e-01
1.000002980232238770e+00
9.999934434890747070e-01
1.000002384185791016e+00
1.000002145767211914e+00
9.999948143959045410e-01
9.999871253967285156e-01
9.999936223030090332e-01
9.999958872795104980e-01
1.000005125999450684e+00
9.999979138374328613e-01
1.000005602836608887e+00
9.999983906745910645e-01
9.999985098838806152e-01
9.999953508377075195e-01
9.999968409538269043e-01
1.000007867813110352e+00
9.999865293502807617e-01
1.000006794929504395e+00
9.999988675117492676e-01
1.000013470649719238e+00
9.999874234199523926e-01
1.000000238418579102e+00
1.000002503395080566e+00
9.999880790710449219e-01
9.999961256980895996e-01
9.999917745590209961e-01
9.999983906745910645e-01
9.999967813491821289e-01
9.999945759773254395e-01
1.000001668930053711e+00
