-4.318000376224517822e-02 -1.933898776769638062e-02 9.342901408672332764e-03
6.010992079973220825e-02 6.746638566255569458e-02 4.909595474600791931e-02
-1.798574253916740417e-02 -6.944931577891111374e-03 4.970448091626167297e-03
-4.369220882654190063e-02 1.325379498302936554e-02 -6.899351626634597778e-02
-7.012858986854553223e-02 1.771332696080207825e-02 8.340071886777877808e-03
-2.801384311169385910e-03 7.544835656881332397e-02 -4.397381469607353210e-02
8.025209535844624043e-04 3.654018417000770569e-02 -2.251721732318401337e-02
6.586856395006179810e-02 -2.654355391860008240e-02 -7.412600517272949219e-02
-2.305663749575614929e-02 2.430288679897785187e-02 -1.238780375570058823e-02
-8.460184186697006226e-02 7.494947314262390137e-02 -5.340924859046936035e-02
4.551125690340995789e-02 2.073526382446289062e-02 3.489293903112411499e-02
9.744845330715179443e-03 -7.495073229074478149e-02 -1.838151551783084869e-02
7.253190129995346069e-02 3.848064690828323364e-02 -2.551993727684020996e-02
-2.616283483803272247e-02 3.510248661041259766e-02 -1.589690684340894222e-03
-6.800649315118789673e-02 -3.306449949741363525e-02 -7.419498264789581299e-02
4.008788242936134338e-02 6.782249361276626587e-02 -1.913674175739288330e-03
7.994958758354187012e-02 2.097626589238643646e-02 7.614807784557342529e-02
3.408979251980781555e-02 2.490428276360034943e-02 -7.096622139215469360e-02
-1.906768232583999634e-02 -1.886615529656410217e-02 -4.694919288158416748e-02
1.890374161303043365e-02 -1.922321878373622894e-02 -6.409805268049240112e-02
7.201423496007919312e-02 3.655097633600234985e-02 2.669539675116539001e-02
2.434010617434978485e-02 -1.363567076623439789e-02 7.574448734521865845e-02
4.711521044373512268e-02 -1.018486544489860535e-02 1.750283688306808472e-02
-6.147714704275131226e-02 5.610543861985206604e-02 1.763059012591838837e-02
-1.578846760094165802e-02 -1.407691463828086853e-02 7.606359571218490601e-02
8.120132237672805786e-02 7.356329262256622314e-02 1.665262505412101746e-02
-2.419488690793514252e-02 -4.003628715872764587e-02 4.780860245227813721e-02
3.648416697978973389e-02 2.840399555861949921e-02 7.515002042055130005e-02
-1.238332968205213547e-02 -4.741150140762329102e-02 5.610575154423713684e-02
1.735139265656471252e-02 1.513680908828973770e-02 -6.414651125669479370e-02
5.360874161124229431e-02 -6.409291177988052368e-02 -1.286644767969846725e-02
6.133503466844558716e-02 6.127833854407072067e-03 3.043153882026672363e-02
-5.681640282273292542e-02 -1.929211057722568512e-02 4.239033535122871399e-02
-4.095321893692016602e-02 5.063028261065483093e-02 2.276093140244483948e-02
2.437663450837135315e-02 3.246055915951728821e-02 3.753948584198951721e-02
7.543658465147018433e-02 3.293681889772415161e-02 -5.763990059494972229e-02
-7.964956015348434448e-02 4.486378654837608337e-02 -7.836798578500747681e-02
1.690907962620258331e-02 -5.062053352594375610e-02 3.341721743345260620e-02
-1.428480911999940872e-02 4.423575103282928467e-02 -8.079359680414199829e-02
-7.702845335006713867e-02 8.486128062941133976e-04 -3.848089603707194328e-03
5.806427076458930969e-02 8.109574764966964722e-02 2.101384103298187256e-02
2.887377515435218811e-02 6.200700625777244568e-02 -6.830050051212310791e-02
-7.143775373697280884e-02 7.078956067562103271e-02 -2.404732257127761841e-02
3.359393775463104248e-02 5.852029472589492798e-02 -5.805888399481773376e-02
1.535886898636817932e-02 -2.406799420714378357e-02 -2.519790828227996826e-02
-5.951796099543571472e-02 7.672348618507385254e-02 -2.103408426046371460e-02
-1.953252218663692474e-02 1.749574579298496246e-02 -6.473232060670852661e-02
-1.719560660421848297e-02 6.530539691448211670e-02 -4.746016114950180054e-02
-8.423664420843124390e-02 1.767624169588088989e-02 -1.153973489999771118e-02
-5.953520908951759338e-02 6.561592221260070801e-02 1.322414632886648178e-02
3.061429597437381744e-02 -6.446283310651779175e-02 -1.085462328046560287e-02
-1.051503140479326248e-02 4.318170249462127686e-02 6.847484409809112549e-02
-4.658645763993263245e-02 6.304834783077239990e-02 3.198038786649703979e-02
-7.678750902414321899e-02 -9.915305301547050476e-03 7.689174264669418335e-02
-6.356503814458847046e-02 -3.605517372488975525e-02 -8.510326966643333435e-03
1.078909635543823242e-02 3.390292823314666748e-02 4.002548381686210632e-02
-1.057049911469221115e-02 -2.692196890711784363e-02 -2.524525858461856842e-03
-7.027025520801544189e-02 -7.828082889318466187e-02 6.396843492984771729e-02
2.225043252110481262e-02 -5.046675913035869598e-03 3.194211795926094055e-02
1.130894944071769714e-02 3.925942629575729370e-02 5.207945778965950012e-02
-5.705599486827850342e-02 -3.526967763900756836e-02 -6.901425123214721680e-02
2.088296972215175629e-02 6.659129261970520020e-02 2.354355156421661377e-02
3.204162791371345520e-02 -2.560777775943279266e-02 1.920826849527657032e-03
5.394117534160614014e-02 1.088669523596763611e-02 2.160047739744186401e-02
3.960410878062248230e-02 -1.465211529284715652e-02 6.329738534986972809e-03
-4.305538162589073181e-02 3.800738230347633362e-02 4.706548526883125305e-02
-7.696170825511217117e-03 2.886934764683246613e-02 5.123019963502883911e-02
-8.107598870992660522e-02 8.075716346502304077e-02 -7.757001370191574097e-02
-2.058834582567214966e-02 3.205180540680885315e-02 -2.457950450479984283e-02
5.229075253009796143e-02 -4.554484412074089050e-02 5.216344818472862244e-02
-4.041429981589317322e-02 4.778015892952680588e-03 -5.221212282776832581e-02
-1.613812707364559174e-02 8.338981121778488159e-02 -7.031653076410293579e-02
4.591454938054084778e-02 -5.554866418242454529e-02 -2.179133705794811249e-02
-4.815058410167694092e-02 -6.631420552730560303e-02 -3.771648928523063660e-02
1.805363222956657410e-02 -3.677994757890701294e-02 -3.705403581261634827e-02
-7.907004654407501221e-02 5.828758701682090759e-02 6.200031191110610962e-02
-3.749772533774375916e-02 -2.524377964437007904e-02 -7.902900129556655884e-02
-1.049301307648420334e-02 -2.804461494088172913e-02 -3.161291033029556274e-02
4.298279061913490295e-02 -2.182291448116302490e-02 6.246503442525863647e-02
1.421557553112506866e-02 -1.242907531559467316e-02 5.523261427879333496e-02
6.739718839526176453e-03 -2.678161486983299255e-02 7.594639062881469727e-02
-2.216726168990135193e-02 1.613133028149604797e-02 -4.523768648505210876e-02
3.006653301417827606e-02 6.938274949789047241e-02 -4.061686340719461441e-03
-4.205867275595664978e-02 -1.622967608273029327e-02 -7.427196949720382690e-02
6.351705640554428101e-02 5.284792557358741760e-02 -7.500910758972167969e-02
9.832581505179405212e-03 -7.852603495121002197e-02 3.552745282649993896e-02
5.845899134874343872e-02 -1.491601485759019852e-02 -8.209448307752609253e-02
5.793990567326545715e-02 4.371333122253417969e-02 -2.159546129405498505e-02
-5.349406972527503967e-02 -7.620199024677276611e-02 3.447081521153450012e-02
9.757632389664649963e-03 -6.281644105911254883e-03 -4.408394545316696167e-02
8.766155689954757690e-03 -7.602483034133911133e-02 6.593915820121765137e-02
-8.487907052040100098e-02 -5.303791724145412445e-03 -5.144451931118965149e-02
-6.744942069053649902e-02 6.589297950267791748e-02 -3.578589856624603271e-02
6.551952683366835117e-04 -3.723943233489990234e-02 7.402364164590835571e-02
-7.767978310585021973e-02 -7.278236001729965210e-02 -1.842094957828521729e-02
-7.282318547368049622e-03 -6.952458620071411133e-02 -3.595038317143917084e-03
-4.468382894992828369e-02 3.825004771351814270e-02 -6.629715859889984131e-02
-7.306561619043350220e-02 6.709221750497817993e-02 -3.176372870802879333e-02
5.050780251622200012e-02 -9.669700637459754944e-03 4.130369052290916443e-03
-6.251658312976360321e-03 -6.704057753086090088e-02 -7.448644936084747314e-02
-7.990409433841705322e-02 -5.621752142906188965e-02 -4.614981263875961304e-02
2.249154821038246155e-02 4.725835099816322327e-02 6.789256632328033447e-02
4.233493236824870110e-04 4.059129580855369568e-02 -5.134477978572249413e-04
5.620589107275009155e-02 -7.462622970342636108e-02 6.370399147272109985e-02
-6.694623827934265137e-02 -3.727097809314727783e-02 3.511580172926187515e-03
1.590101048350334167e-02 -7.725312025286257267e-04 3.638489544391632080e-02
-5.032795295119285583e-02 -7.308561354875564575e-02 -3.480247780680656433e-02
-1.168110966682434082e-02 5.851097404956817627e-02 2.716986276209354401e-02
7.622909615747630596e-04 3.988124430179595947e-02 -5.741800367832183838e-02
5.800171941518783569e-02 -7.487534731626510620e-02 2.430845750495791435e-03
4.666503518819808960e-03 9.054797701537609100e-03 -4.396167397499084473e-02
-7.635907828807830811e-02 4.603776708245277405e-02 2.404781244695186615e-02
-7.947373390197753906e-02 -8.267267793416976929e-02 6.911115348339080811e-02
8.156926184892654419e-02 3.372696414589881897e-02 5.917159095406532288e-02
-5.121047049760818481e-02 4.247351735830307007e-02 -1.245130319148302078e-02
-6.646969914436340332e-02 7.617521286010742188e-02 -1.416383590549230576e-02
-4.752001166343688965e-02 3.165020048618316650e-02 4.452679306268692017e-02
-6.939548999071121216e-02 -7.258869707584381104e-02 -4.598879814147949219e-02
-7.426842302083969116e-02 -3.447449952363967896e-02 -8.259495347738265991e-02
1.282950490713119507e-02 -1.035418454557657242e-02 7.512854039669036865e-02
-7.724443823099136353e-02 2.345004817470908165e-03 1.295309327542781830e-02
-1.907291822135448456e-02 7.695782184600830078e-02 -6.956781446933746338e-02
-3.159443847835063934e-03 2.603117562830448151e-02 -1.283156964927911758e-02
-1.892795972526073456e-02 1.526188198477029800e-02 6.795153766870498657e-02
-4.621767252683639526e-02 -2.731585502624511719e-02 7.226476818323135376e-02
5.987486336380243301e-03 7.659044116735458374e-02 -6.947361677885055542e-02
6.426070630550384521e-02 5.270632356405258179e-02 5.531895160675048828e-02
-5.420253053307533264e-02 1.611417531967163086e-02 -4.751202091574668884e-02
-3.030752576887607574e-02 5.154125392436981201e-02 -8.158472180366516113e-02
-5.371833592653274536e-02 -2.696259692311286926e-02 -3.519099578261375427e-02
-6.071846932172775269e-02 6.733095645904541016e-02 9.849778376519680023e-03
-1.781775034032762051e-03 5.971178412437438965e-02 -7.919762283563613892e-02
6.982973963022232056e-02 -4.969210550189018250e-02 6.400194019079208374e-02
1.219977252185344696e-02 -8.040228486061096191e-02 -1.126975193619728088e-02
4.369916766881942749e-02 -6.156962737441062927e-02 6.736269593238830566e-02
-7.632925361394882202e-02 1.755291968584060669e-02 4.770512506365776062e-02
2.038611471652984619e-02 -6.901954859495162964e-02 6.131001189351081848e-02
-1.503302063792943954e-02 4.456738382577896118e-02 6.207783147692680359e-02
5.017037317156791687e-02 -2.623671665787696838e-02 -7.861249148845672607e-02
-2.543674968183040619e-02 1.236468274146318436e-02 3.421523422002792358e-02
2.595938742160797119e-02 3.199950605630874634e-02 -4.803971201181411743e-02
5.686458572745323181e-02 5.875312164425849915e-02 8.116263896226882935e-02
3.760046511888504028e-02 -5.433732271194458008e-02 -5.789143592119216919e-02
9.169380180537700653e-03 1.722027547657489777e-02 -6.157033517956733704e-02
-2.244973555207252502e-02 4.900658875703811646e-02 -4.103717952966690063e-02
1.814249716699123383e-02 -2.100076712667942047e-02 2.789739891886711121e-02
-6.858289986848831177e-02 2.754977159202098846e-02 2.791209705173969269e-02
1.897062547504901886e-02 3.814842179417610168e-02 2.394211944192647934e-03
-7.112195342779159546e-02 -2.278839610517024994e-02 7.845213264226913452e-02
4.717520624399185181e-02 -8.162286132574081421e-03 6.531822681427001953e-02
5.232491344213485718e-02 2.782220020890235901e-02 6.656464189291000366e-02
-2.337541617453098297e-02 1.867145672440528870e-02 -4.147259518504142761e-02
-5.503930523991584778e-02 6.402622163295745850e-02 1.636747270822525024e-02
-5.227000638842582703e-02 -1.066951733082532883e-02 6.009298563003540039e-02
8.623833954334259033e-02 6.210800260305404663e-02 5.917827412486076355e-02
7.067003846168518066e-02 2.769775129854679108e-02 2.637233026325702667e-02
2.103627659380435944e-03 -2.267560735344886780e-02 -6.419178843498229980e-02
7.166135311126708984e-02 -4.199980571866035461e-02 6.369556486606597900e-02
5.685508251190185547e-02 -8.590947836637496948e-02 -6.529891490936279297e-02
5.699102953076362610e-02 9.105968289077281952e-03 3.150536119937896729e-02
2.254563756287097931e-02 -7.878800481557846069e-02 1.322737801820039749e-02
-3.096149116754531860e-02 -3.738911449909210205e-02 -6.858992576599121094e-02
4.078093171119689941e-02 -2.295245230197906494e-02 -5.669273808598518372e-02
4.629757255315780640e-02 2.784086018800735474e-02 -2.198763424530625343e-03
4.489720985293388367e-02 -5.222934857010841370e-02 -2.819698117673397064e-02
-5.675438046455383301e-02 3.199481219053268433e-02 2.201571129262447357e-02
5.614571645855903625e-02 3.884900361299514771e-02 -7.361147552728652954e-02
7.599531114101409912e-02 6.299115717411041260e-02 -7.598148286342620850e-02
-7.074794918298721313e-02 3.539291024208068848e-02 3.036654740571975708e-02
-5.039073899388313293e-02 2.255450189113616943e-02 -6.255920976400375366e-02
1.264827698469161987e-02 -1.675753295421600342e-02 1.629881374537944794e-02
7.189425174146890640e-03 6.024190038442611694e-02 -1.169789489358663559e-02
1.269343122839927673e-02 -4.163415729999542236e-02 8.185674995183944702e-02
-4.004615917801856995e-02 -4.778838157653808594e-02 6.467321515083312988e-02
2.749036625027656555e-02 5.542964860796928406e-02 -3.738357499241828918e-02
-7.752125710248947144e-02 4.320470988750457764e-02 7.541141659021377563e-02
-7.333545386791229248e-02 3.698709607124328613e-02 3.404446691274642944e-02
-4.336188733577728271e-02 -7.402058690786361694e-02 2.606450207531452179e-02
8.713557384908199310e-03 -5.141490325331687927e-02 -1.764526218175888062e-02
8.731831610202789307e-02 7.210984081029891968e-02 -3.810446336865425110e-02
8.638261817395687103e-03 -2.465613186359405518e-02 4.493795707821846008e-02
-8.240748941898345947e-02 -7.498494535684585571e-02 -4.343721270561218262e-02
6.889001931995153427e-03 -2.691372670233249664e-02 -6.802392005920410156e-02
2.021819166839122772e-02 -2.366904169321060181e-03 4.186996445059776306e-02
4.005458950996398926e-02 -8.266005665063858032e-02 -4.797836765646934509e-02
-1.070130267180502415e-03 4.392759129405021667e-02 3.947462514042854309e-02
3.967329859733581543e-02 1.931881718337535858e-02 -8.330673724412918091e-02
3.844352439045906067e-02 -4.916617646813392639e-02 5.842010304331779480e-02
-7.074250839650630951e-03 -3.357901424169540405e-02 -4.330235719680786133e-02
5.156762897968292236e-02 6.753112375736236572e-02 1.362146995961666107e-02
-4.424338787794113159e-02 6.598699837923049927e-02 6.644247472286224365e-02
7.224134355783462524e-02 -6.973485648632049561e-02 -3.058095835149288177e-02
4.041964560747146606e-02 -3.297350928187370300e-02 2.422327734529972076e-02
3.529643639922142029e-02 -1.734086126089096069e-02 7.731068879365921021e-02
-7.952203601598739624e-02 -3.537940979003906250e-02 5.996666476130485535e-02
-5.017915740609169006e-03 -8.034159243106842041e-02 5.281656235456466675e-02
-7.764784991741180420e-02 6.438046693801879883e-02 3.510818257927894592e-02
6.427913159132003784e-02 -6.655896455049514771e-02 2.099714986979961395e-02
-5.947246402502059937e-02 -5.756131559610366821e-02 -4.240268096327781677e-02
4.109185561537742615e-02 3.380620852112770081e-03 6.953141838312149048e-02
-2.933436632156372070e-02 2.293947339057922363e-02 5.299144238233566284e-02
2.306150272488594055e-02 7.514470815658569336e-02 8.291668444871902466e-02
-4.745945334434509277e-02 2.401536703109741211e-02 -5.457032471895217896e-02
1.779614388942718506e-02 -2.448560856282711029e-02 4.194106906652450562e-03
6.298472732305526733e-02 -5.716648697853088379e-02 -5.547743290662765503e-02
-1.989675918594002724e-03 -5.677282810211181641e-02 -7.288531400263309479e-03
-1.417474448680877686e-02 -2.236906625330448151e-02 -7.311733067035675049e-02
1.231942558661103249e-03 -4.482001066207885742e-02 -3.463913127779960632e-02
4.005009680986404419e-02 6.958371400833129883e-02 2.406583912670612335e-02
-1.837317645549774170e-02 5.330626852810382843e-03 4.228489100933074951e-02
4.816437140107154846e-02 -3.860982507467269897e-02 5.689498409628868103e-02
2.165226079523563385e-02 -4.424896463751792908e-02 7.290015369653701782e-02
1.870583929121494293e-02 -6.973111629486083984e-02 -3.785031661391258240e-02
3.737818077206611633e-02 -2.636477537453174591e-02 -4.642689600586891174e-02
6.981162005104124546e-04 4.347405396401882172e-03 -5.370422080159187317e-02
-3.405090793967247009e-02 -6.701573729515075684e-02 -5.142691731452941895e-02
2.948016859591007233e-02 7.986555807292461395e-03 -8.290637284517288208e-03
-3.465495258569717407e-02 -6.275250017642974854e-02 5.934499576687812805e-02
5.983654782176017761e-02 -2.141350135207176208e-02 -6.499189138412475586e-02
-3.045597113668918610e-02 -3.821972524747252464e-03 6.309040635824203491e-02
7.665498554706573486e-02 1.272864919155836105e-02 -1.106757204979658127e-02
-2.170234732329845428e-02 -5.658488720655441284e-02 2.415292523801326752e-02
6.947576999664306641e-02 -4.068738594651222229e-02 -2.859609667211771011e-03
-4.941744729876518250e-02 2.245074883103370667e-02 -4.049977660179138184e-02
3.243793919682502747e-02 -4.186880216002464294e-02 4.981745406985282898e-02
7.793743163347244263e-02 -2.724128775298595428e-02 -3.206541389226913452e-02
-2.675645053386688232e-02 2.812127955257892609e-02 8.086201548576354980e-02
3.556957468390464783e-02 -2.009479328989982605e-02 -6.619032472372055054e-03
3.644886985421180725e-02 -6.086389720439910889e-02 7.245017215609550476e-03
1.785148680210113525e-02 -5.506897345185279846e-02 3.319798735901713371e-03
-3.185383975505828857e-02 4.290796443819999695e-02 -4.034406971186399460e-03
2.972796373069286346e-02 -2.754289470613002777e-02 2.319952473044395447e-03
-4.263363406062126160e-02 -5.140764173120260239e-03 -6.886256486177444458e-02
1.003793533891439438e-02 -6.048174574971199036e-02 -7.758583128452301025e-02
-2.322534099221229553e-02 -3.577943146228790283e-02 -8.332604169845581055e-02
-4.242644179612398148e-03 -5.499619245529174805e-02 3.560811281204223633e-02
5.824830848723649979e-03 -5.947740375995635986e-02 4.506463930010795593e-02
3.138570860028266907e-02 -7.990526407957077026e-02 7.861785124987363815e-04
7.508240640163421631e-02 4.987023398280143738e-02 -1.121825072914361954e-02
2.673169225454330444e-02 -9.916095295920968056e-04 -7.358486950397491455e-02
2.041809074580669403e-02 4.744477197527885437e-02 -4.059787839651107788e-03
3.932276740670204163e-02 7.031440269201993942e-03 7.214438915252685547e-02
5.988614261150360107e-02 -5.784947797656059265e-02 3.580400720238685608e-02
-7.689505815505981445e-02 -3.288964927196502686e-02 -1.468349713832139969e-02
2.513877348974347115e-03 4.776603356003761292e-02 4.631515964865684509e-02
-7.764670066535472870e-03 5.442625656723976135e-02 4.121089726686477661e-02
-7.947530597448348999e-02 -4.125668853521347046e-02 -5.467788502573966980e-02
-3.739781677722930908e-02 -8.341592550277709961e-02 -4.232870414853096008e-02
-2.351530455052852631e-02 6.554749608039855957e-02 5.700806900858879089e-02
-5.392349511384963989e-02 -9.387738071382045746e-03 -6.758565455675125122e-02
-2.970794588327407837e-02 -5.926665291190147400e-02 3.045791946351528168e-02
7.380417734384536743e-02 2.139058709144592285e-02 -7.613390684127807617e-02
2.422586455941200256e-02 6.807810068130493164e-02 -1.737362891435623169e-02
-2.755766548216342926e-02 -6.213676929473876953e-02 6.590815261006355286e-03
-5.900529026985168457e-02 -7.244982570409774780e-02 2.364167757332324982e-02
-7.551903277635574341e-02 -7.143714278936386108e-02 4.994830116629600525e-02
4.925691708922386169e-02 -1.055726082995533943e-03 9.861537255346775055e-03
-6.192604452371597290e-02 -4.609768837690353394e-02 -1.338667050004005432e-02
-8.133159577846527100e-02 9.657469578087329865e-03 -3.863466158509254456e-02
-6.644843518733978271e-02 3.753154724836349487e-02 -3.752834349870681763e-02
5.649887025356292725e-02 4.399638250470161438e-02 -4.912493377923965454e-02
-5.918143782764673233e-03 -7.844626903533935547e-02 -1.546106301248073578e-02
2.114554494619369507e-02 1.548087503761053085e-02 -2.145557291805744171e-02
-1.633696630597114563e-02 7.419585715979337692e-03 8.243237435817718506e-02
4.053309559822082520e-02 3.912771120667457581e-02 1.951512508094310760e-02
3.955336287617683411e-02 -2.623840980231761932e-02 -6.997627019882202148e-02
-5.281265825033187866e-02 -5.314840748906135559e-02 -4.982816986739635468e-03
3.431422263383865356e-02 -6.588955968618392944e-02 -5.950815603137016296e-02
-4.685007408261299133e-02 -5.874834489077329636e-03 4.527918994426727295e-02
-6.509978324174880981e-02 6.238492578268051147e-02 2.533000893890857697e-02
7.702256739139556885e-02 -7.270928472280502319e-02 2.727024490013718605e-03
6.287912279367446899e-02 1.112478692084550858e-02 4.329410940408706665e-02
-2.340224571526050568e-02 -6.375741958618164062e-02 -7.703405804932117462e-03
-5.337320268154144287e-02 7.370974868535995483e-02 -5.820039659738540649e-02
1.572631113231182098e-02 8.007862605154514313e-03 -6.429071724414825439e-02
-2.866619825363159180e-02 2.742995694279670715e-02 -6.144236028194427490e-02
-3.383500128984451294e-02 8.313205838203430176e-02 -2.646169159561395645e-04
1.496913004666566849e-02 -1.018069498240947723e-02 -7.888329029083251953e-02
-5.985731258988380432e-02 2.479568356648087502e-03 -5.739573016762733459e-02
8.208590745925903320e-02 4.394705966114997864e-02 -6.867691129446029663e-02
4.160776734352111816e-02 4.418991133570671082e-02 6.814620457589626312e-03
-2.293967828154563904e-02 -5.049755424261093140e-02 8.003281801939010620e-02
4.348192736506462097e-02 3.463146975263953209e-03 4.119488224387168884e-02
4.077779874205589294e-02 -2.908554673194885254e-02 7.728862762451171875e-02
6.311424821615219116e-02 -6.400537211447954178e-03 -3.855079039931297302e-02
6.801145523786544800e-02 -4.553083702921867371e-02 -6.298650056123733521e-02
3.129213303327560425e-02 -2.966895466670393944e-03 -5.333453789353370667e-02
-6.161987408995628357e-02 2.618099562823772430e-02 -1.688005961477756500e-02
5.038531962782144547e-03 -8.359237574040889740e-03 -7.725635915994644165e-02
-5.400405451655387878e-02 -5.031922366470098495e-03 4.482146352529525757e-02
-8.157727122306823730e-02 -2.220890671014785767e-02 -4.091357439756393433e-02
-4.462341964244842529e-02 -2.809465304017066956e-02 -5.919143557548522949e-02
6.746865343302488327e-03 -1.545842830091714859e-02 5.529340729117393494e-02
1.259688660502433777e-02 6.163970008492469788e-02 -7.564265280961990356e-02
-1.477819494903087616e-02 3.623460978269577026e-02 -6.705845892429351807e-02
6.757292896509170532e-02 -6.424104422330856323e-02 -4.982276633381843567e-02
-4.767462238669395447e-02 5.031941924244165421e-03 6.246977671980857849e-02
-6.180063262581825256e-02 5.704613775014877319e-02 6.999687850475311279e-02
1.701172813773155212e-02 -1.031219307333230972e-02 -8.612737059593200684e-03
7.934910804033279419e-02 1.340339542366564274e-03 -1.262723468244075775e-02
-4.545577615499496460e-02 -2.136980742216110229e-02 1.759952679276466370e-02
-6.098816171288490295e-03 -2.463873475790023804e-02 7.152323424816131592e-02
-4.416389390826225281e-02 -7.339808158576488495e-03 -6.062803044915199280e-02
-4.206142947077751160e-02 -7.048756629228591919e-02 7.280538976192474365e-02
4.555616527795791626e-02 3.687659651041030884e-02 7.615884393453598022e-02
4.682806506752967834e-02 3.514124080538749695e-02 -6.432589143514633179e-02
-2.937711030244827271e-02 4.000151902437210083e-02 -7.392165064811706543e-02
3.531505167484283447e-02 1.490029972046613693e-02 6.207614392042160034e-02
-1.568891853094100952e-02 2.230520360171794891e-02 3.982668370008468628e-02
7.640473544597625732e-02 4.845685139298439026e-02 7.919582724571228027e-02
6.491706520318984985e-02 -1.529391389340162277e-02 -1.742615364491939545e-02
-2.296808548271656036e-02 -4.102053493261337280e-02 4.266113415360450745e-02
-1.244974322617053986e-02 -3.075382858514785767e-02 -4.129083082079887390e-02
-8.793843910098075867e-03 5.393890663981437683e-02 -7.577919214963912964e-02
7.913816720247268677e-02 4.863151162862777710e-02 5.946292355656623840e-02
2.226171456277370453e-02 -7.711684703826904297e-02 -6.231169030070304871e-02
5.823870003223419189e-02 4.558481648564338684e-02 7.092736195772886276e-03
-3.902349993586540222e-02 -1.771916076540946960e-02 -4.389603063464164734e-02
6.454251706600189209e-02 -1.192725636065006256e-02 6.942128390073776245e-02
6.791882682591676712e-03 1.161112915724515915e-02 8.324354141950607300e-02
5.168090388178825378e-02 -5.082714930176734924e-02 1.202057208865880966e-02
2.057047560811042786e-02 1.724257320165634155e-02 6.274917162954807281e-03
-7.803572807461023331e-03 6.282975897192955017e-03 5.578885972499847412e-02
1.377819757908582687e-02 1.495891436934471130e-02 4.013475775718688965e-02
-4.341013357043266296e-02 -3.915784135460853577e-02 -3.120452538132667542e-02
-5.858396738767623901e-02 2.589597180485725403e-02 7.070485502481460571e-02
-2.097865194082260132e-02 -3.663038089871406555e-02 -4.935585334897041321e-02
5.932355672121047974e-02 -3.873227909207344055e-02 -1.345884893089532852e-02
-6.250683963298797607e-02 -5.982780084013938904e-02 -1.447991095483303070e-02
-6.492839008569717407e-02 -5.242639034986495972e-02 -2.522995322942733765e-02
-7.923254370689392090e-02 2.568225841969251633e-03 -4.875451326370239258e-03
5.944597348570823669e-02 -7.788398861885070801e-02 -2.752162888646125793e-02
-1.578405499458312988e-02 -2.117911353707313538e-02 2.505024708807468414e-02
6.490613520145416260e-02 4.589629173278808594e-02 5.408624559640884399e-02
-2.249131212010979652e-03 -8.384274691343307495e-02 -1.525462046265602112e-02
1.842466555535793304e-02 1.354117225855588913e-02 -3.921690583229064941e-02
5.110690370202064514e-03 -7.597292214632034302e-02 -7.205390930175781250e-02
7.926401495933532715e-02 -3.796194866299629211e-02 5.108007416129112244e-02
4.906337708234786987e-02 -4.018895700573921204e-02 -9.345642291009426117e-03
-1.675520278513431549e-02 -4.355677589774131775e-02 7.748012989759445190e-02
-3.237381810322403908e-03 -7.229526340961456299e-02 -4.044111818075180054e-03
4.145572334527969360e-02 -4.783143848180770874e-02 -7.141326367855072021e-02
-1.008531358093023300e-02 -5.468958616256713867e-02 -3.701067715883255005e-02
-1.523897983133792877e-02 -4.789626598358154297e-02 1.215226715430617332e-03
-3.270445019006729126e-02 5.307082459330558777e-02 -2.157892473042011261e-02
5.795013904571533203e-02 -2.190336585044860840e-02 8.402832597494125366e-02
1.393187977373600006e-02 -1.237298455089330673e-02 -6.606619805097579956e-02
7.900255173444747925e-02 4.074995964765548706e-02 5.127348005771636963e-02
-5.492226686328649521e-03 3.771107643842697144e-02 3.630791604518890381e-02
7.251843810081481934e-02 -3.505022823810577393e-02 -6.583618372678756714e-02
-2.347797341644763947e-02 -4.162764549255371094e-02 3.661685809493064880e-02
-8.355019241571426392e-02 -5.531290546059608459e-02 2.415853179991245270e-02
-5.215011537075042725e-02 3.471146523952484131e-02 -5.728488788008689880e-02
-5.800117924809455872e-02 -6.554336845874786377e-02 -7.040870934724807739e-02
3.009871020913124084e-02 1.315859053283929825e-02 -7.188840210437774658e-02
-4.747931659221649170e-02 7.140094041824340820e-02 3.632574900984764099e-02
-8.096454292535781860e-02 -7.476361840963363647e-02 -2.872206643223762512e-02
2.866096608340740204e-02 1.731815934181213379e-02 5.921483784914016724e-02
1.847098767757415771e-02 7.680957764387130737e-02 4.354164004325866699e-02
1.922090072184801102e-03 -1.095349341630935669e-02 2.902659773826599121e-02
2.882563695311546326e-02 -4.616284370422363281e-02 6.011551991105079651e-02
-2.855343930423259735e-02 3.499772399663925171e-02 -2.716693282127380371e-02
2.272116765379905701e-02 -7.886382192373275757e-02 3.627261891961097717e-02
6.576570868492126465e-02 6.199871376156806946e-02 1.535990647971630096e-02
1.174047065433114767e-04 -2.803124487400054932e-02 -5.723134614527225494e-03
9.473761543631553650e-03 -3.823556751012802124e-02 5.258537083864212036e-02
-4.361128434538841248e-02 -2.403313294053077698e-02 -1.641535386443138123e-02
7.679603248834609985e-02 8.295711874961853027e-02 -7.317256927490234375e-02
8.126111328601837158e-02 -2.880889549851417542e-02 -6.409213691949844360e-02
2.550704218447208405e-02 4.515869077295064926e-03 6.779936701059341431e-02
-6.356888264417648315e-02 -4.139733687043190002e-02 -3.534563258290290833e-02
2.968110330402851105e-02 -6.615114212036132812e-02 -7.510601077228784561e-03
6.982862204313278198e-02 -7.114030420780181885e-02 5.609587952494621277e-02
-9.206303395330905914e-03 3.556802868843078613e-02 -8.340293914079666138e-02
-7.797630503773689270e-03 7.429775595664978027e-02 5.306253209710121155e-02
3.428876399993896484e-02 5.037584528326988220e-02 2.903631329536437988e-02
2.908867783844470978e-02 -1.066922675818204880e-02 6.026740744709968567e-02
-5.092403292655944824e-02 4.355061426758766174e-02 2.808162011206150055e-02
-1.336033456027507782e-02 -7.533405907452106476e-03 7.756754755973815918e-02
-8.154268562793731689e-02 -1.161402463912963867e-02 -2.786299772560596466e-02
3.461340442299842834e-02 -1.401150505989789963e-02 -1.040534302592277527e-02
-3.432082757353782654e-02 -3.330995887517929077e-02 -8.148641139268875122e-02
4.476937279105186462e-02 -4.974302649497985840e-02 -5.180746689438819885e-02
-8.049003779888153076e-02 -6.243800371885299683e-02 -6.816061586141586304e-02
6.977310776710510254e-02 5.924843624234199524e-02 3.354364261031150818e-02
-4.025712609291076660e-02 -6.267263740301132202e-02 5.943398177623748779e-02
4.737643525004386902e-02 -6.287354975938796997e-02 -5.314797908067703247e-02
-1.237532030791044235e-02 -7.304850965738296509e-02 -6.058548390865325928e-02
4.666903521865606308e-03 2.311947755515575409e-02 -7.863394170999526978e-02
7.903783768415451050e-02 6.821049004793167114e-02 -4.210369661450386047e-02
-2.731957659125328064e-02 -1.754314638674259186e-02 -1.199271623045206070e-02
-3.214081376791000366e-02 -3.357796743512153625e-02 -2.054362790659070015e-03
-2.000210434198379517e-02 4.865074530243873596e-02 -7.283485680818557739e-02
-2.057378925383090973e-02 1.019138563424348831e-02 -1.352153811603784561e-02
6.427487730979919434e-02 3.343817219138145447e-02 1.599889365024864674e-03
-5.970834940671920776e-02 -4.119529947638511658e-02 -9.196964092552661896e-03
-4.047853872179985046e-02 -4.322208091616630554e-02 -2.151640830561518669e-03
4.319975897669792175e-02 2.128034643828868866e-02 8.142323046922683716e-02
1.441046828404068947e-03 -5.398401990532875061e-04 6.597208231687545776e-02
3.479580953717231750e-02 -3.711160738021135330e-03 -3.597236797213554382e-02
7.030044496059417725e-02 -5.971475690603256226e-02 4.974555969238281250e-02
-5.161948129534721375e-02 7.258108258247375488e-02 -1.249577477574348450e-02
2.818036638200283051e-02 -1.834195666015148163e-02 -4.983834549784660339e-02
-3.400864079594612122e-02 6.122020259499549866e-02 7.810126245021820068e-02
-6.798904389142990112e-02 6.104118004441261292e-02 2.324113994836807251e-02
-2.079018577933311462e-02 -5.241492018103599548e-02 -7.193921506404876709e-02
-7.404927909374237061e-02 5.037411302328109741e-02 5.402452498674392700e-02
3.929251432418823242e-02 -7.619167119264602661e-02 3.765224292874336243e-02
7.022303994745016098e-03 2.319866605103015900e-02 7.276351749897003174e-02
4.315287247300148010e-02 3.266675397753715515e-02 -3.273042291402816772e-02
2.671716548502445221e-02 1.514639053493738174e-02 7.000114768743515015e-02
-5.962554737925529480e-02 1.472295355051755905e-02 -1.834636740386486053e-02
5.721165612339973450e-02 4.342029336839914322e-03 5.342309921979904175e-02
-3.714543208479881287e-02 -5.221495777368545532e-02 -8.116432279348373413e-02
2.444761060178279877e-02 -6.213960051536560059e-02 2.705682441592216492e-02
-5.449057207442820072e-04 -1.643076911568641663e-02 3.024381585419178009e-02
-5.932567641139030457e-02 5.174039304256439209e-02 -3.015202470123767853e-02
-6.623869389295578003e-02 -1.252843625843524933e-02 3.516262769699096680e-02
-6.683874130249023438e-02 -2.123562246561050415e-02 -4.951263591647148132e-02
7.340818992815911770e-04 -4.519782215356826782e-02 3.347105113789439201e-03
-1.351474225521087646e-02 -3.731825575232505798e-02 -2.109000831842422485e-02
-9.573454037308692932e-03 5.058959871530532837e-02 -5.855602398514747620e-02
-3.605454415082931519e-02 -2.901074476540088654e-02 5.826867744326591492e-02
-7.653601467609405518e-02 -2.950878441333770752e-02 5.887994170188903809e-02
-1.795683056116104126e-02 -6.759310606867074966e-03 -5.885825306177139282e-02
5.206139013171195984e-02 4.277843516319990158e-03 5.783789232373237610e-02
7.428660988807678223e-02 -2.563457749783992767e-02 3.948874399065971375e-02
-5.169670283794403076e-02 4.247136786580085754e-02 -5.600202828645706177e-02
2.746154554188251495e-02 1.790654473006725311e-02 -5.467137694358825684e-02
-7.572055608034133911e-02 -4.420338198542594910e-02 3.423465415835380554e-02
-2.810011804103851318e-02 5.424756556749343872e-02 1.416990254074335098e-02
-5.135583225637674332e-03 7.157168351113796234e-03 2.542693726718425751e-02
-1.174249965697526932e-02 -3.688581660389900208e-02 3.701596334576606750e-02
-6.334437429904937744e-02 5.708140507340431213e-02 6.675563007593154907e-02
-8.055686205625534058e-02 4.666957259178161621e-02 -7.991211116313934326e-02
-4.376448318362236023e-02 -1.206102035939693451e-02 6.661941856145858765e-02
-1.578087173402309418e-02 3.724736347794532776e-02 -5.447044596076011658e-02
-8.362438529729843140e-02 1.611553318798542023e-02 -8.107046782970428467e-02
1.221765298396348953e-02 2.612465433776378632e-02 -1.282677520066499710e-02
-1.324948202818632126e-02 2.659654803574085236e-02 -8.181466162204742432e-02
-8.184602111577987671e-02 -3.642816096544265747e-02 5.509497225284576416e-02
7.820843905210494995e-02 -5.236407369375228882e-02 6.183637306094169617e-02
-7.605182379484176636e-02 5.611718446016311646e-02 -2.247501350939273834e-02
-6.506428867578506470e-02 -6.693776696920394897e-02 2.813974628224968910e-03
-7.194996625185012817e-02 -7.786674052476882935e-02 -6.999157369136810303e-02
-6.763513386249542236e-02 1.745270751416683197e-02 7.993490435183048248e-03
2.922439388930797577e-02 4.203894361853599548e-02 -2.725304663181304932e-02
-8.063661307096481323e-02 -2.339909970760345459e-02 -4.523868486285209656e-02
3.381232172250747681e-02 -4.046128317713737488e-02 -2.641218528151512146e-02
3.401739522814750671e-02 -6.264161318540573120e-02 -3.689548000693321228e-02
5.033262819051742554e-02 -4.367310553789138794e-02 -7.905175536870956421e-02
4.552214592695236206e-02 -5.474573373794555664e-02 -5.924028530716896057e-02
-3.448858857154846191e-02 -2.569071203470230103e-02 4.867405816912651062e-02
1.653609611093997955e-02 -2.776296995580196381e-02 7.392145693302154541e-02
-7.570458948612213135e-02 6.329054385423660278e-02 1.762493140995502472e-02
6.176004558801651001e-02 -2.575575187802314758e-02 1.030624564737081528e-02
-6.921441853046417236e-02 8.016984164714813232e-02 -1.205621380358934402e-02
5.219947174191474915e-02 7.322704792022705078e-02 3.049359284341335297e-02
6.736342608928680420e-02 -1.961451210081577301e-02 -6.177159026265144348e-02
5.183176323771476746e-02 5.053978785872459412e-02 -7.542629539966583252e-02
-6.021976470947265625e-02 -3.854763507843017578e-02 -7.749700453132390976e-04
-2.112044580280780792e-02 3.796420991420745850e-02 -4.866762459278106689e-02
-1.046972628682851791e-02 -4.900672286748886108e-02 7.676706463098526001e-02
-2.075527422130107880e-02 -1.327362190932035446e-02 -2.246876060962677002e-02
3.636793792247772217e-02 -7.146017253398895264e-02 8.151474595069885254e-02
-3.969784453511238098e-02 7.889457792043685913e-02 -8.022564649581909180e-02
-2.745623327791690826e-02 -3.075244463980197906e-02 5.428117886185646057e-02
4.144198074936866760e-02 6.608495954424142838e-03 1.797415688633918762e-02
6.143437698483467102e-02 7.103218138217926025e-02 -9.979066671803593636e-04
2.772095240652561188e-02 -5.619769915938377380e-02 7.709930837154388428e-02
2.962231822311878204e-02 -2.941849641501903534e-02 5.694579705595970154e-02
-3.405811637639999390e-02 -6.826411932706832886e-03 6.577686965465545654e-02
4.693033918738365173e-02 2.874827943742275238e-02 -6.663994491100311279e-02
-1.242416072636842728e-02 -8.120596408843994141e-02 5.117795988917350769e-02
1.728824526071548462e-02 -7.625693082809448242e-02 -6.253227591514587402e-02
-6.390013545751571655e-02 6.480173021554946899e-02 5.856399983167648315e-02
-1.256385352462530136e-02 7.445376366376876831e-03 1.462592557072639465e-02
3.006755188107490540e-02 -7.177738845348358154e-02 4.791800305247306824e-02
-4.789940267801284790e-02 6.497251987457275391e-02 2.020140364766120911e-02
1.691547036170959473e-02 -5.869274958968162537e-02 -5.695540085434913635e-02
-5.872665345668792725e-02 -1.693168468773365021e-02 8.092121034860610962e-02
4.303552955389022827e-02 2.163143083453178406e-02 -1.918694190680980682e-02
2.211435930803418159e-03 3.350853174924850464e-02 1.968358270823955536e-02
-9.580573998391628265e-03 2.697780728340148926e-02 -5.230211094021797180e-02
-2.283906796947121620e-03 -6.679490674287080765e-03 -6.879306584596633911e-02
5.718293134123086929e-03 2.079135365784168243e-02 2.583971060812473297e-02
-1.589364372193813324e-02 -3.737566247582435608e-02 2.348896674811840057e-02
5.725359544157981873e-02 -4.937500879168510437e-02 -7.957185059785842896e-02
6.346468348056077957e-03 -2.172598056495189667e-02 -4.512066766619682312e-02
-1.940933428704738617e-02 1.863134652376174927e-02 -3.891751542687416077e-02
1.093341596424579620e-02 -6.800324656069278717e-03 -4.859630018472671509e-02
-1.463066227734088898e-02 1.240546070039272308e-02 6.824585795402526855e-02
2.792341634631156921e-02 -6.608798354864120483e-02 4.911278560757637024e-02
-6.962854415178298950e-02 -5.314236879348754883e-02 -8.259318768978118896e-02
-1.224052906036376953e-02 -3.724700957536697388e-02 3.012290224432945251e-02
7.263920456171035767e-02 -1.369754504412412643e-02 1.371979806572198868e-02
7.962770760059356689e-02 7.278320193290710449e-02 -3.491494804620742798e-02
-3.335641324520111084e-02 3.577447682619094849e-02 7.133224606513977051e-02
-7.437742501497268677e-02 2.502593211829662323e-02 6.831575185060501099e-02
-1.969954185187816620e-02 -1.676675677299499512e-02 2.619997598230838776e-02
-3.164074942469596863e-02 5.821933969855308533e-02 -8.089607954025268555e-02
2.273308299481868744e-02 -2.065431326627731323e-02 2.724303305149078369e-02
-6.330192089080810547e-02 3.196546807885169983e-02 -2.266757190227508545e-03
-5.035281926393508911e-02 4.878669977188110352e-02 7.576321810483932495e-02
-4.957337304949760437e-02 -4.187668114900588989e-02 6.770683079957962036e-02
6.490343809127807617e-02 7.176055759191513062e-02 6.329350173473358154e-02
-3.778858482837677002e-02 2.646970562636852264e-02 -1.885711960494518280e-02
6.454438716173171997e-02 -9.172880090773105621e-03 -8.361601829528808594e-02
4.938093945384025574e-02 1.484881993383169174e-02 -7.592862844467163086e-02
7.958582788705825806e-02 4.676910117268562317e-02 -7.715599238872528076e-02
1.711191027425229549e-03 7.021208107471466064e-02 8.005662262439727783e-02
-6.741347163915634155e-02 -7.587610930204391479e-02 5.804314464330673218e-02
-8.172612637281417847e-02 2.354898303747177124e-02 -5.307383462786674500e-02
4.169030487537384033e-02 4.399074707180261612e-03 4.251939058303833008e-02
-6.117988377809524536e-02 -5.437407270073890686e-02 -4.850508645176887512e-02
3.447062894701957703e-02 -1.682500727474689484e-02 -5.585355311632156372e-02
4.859217256307601929e-02 6.879856437444686890e-02 3.633785247802734375e-02
2.943442575633525848e-02 6.090158224105834961e-02 -4.124158993363380432e-03
-3.683336079120635986e-02 5.041052028536796570e-02 4.012695699930191040e-02
-3.906321153044700623e-02 -1.253715716302394867e-02 -2.277785912156105042e-02
-8.334887027740478516e-02 -7.872866094112396240e-02 -2.108702063560485840e-02
-8.139634877443313599e-02 4.962898790836334229e-02 2.669950947165489197e-02
-5.080664530396461487e-02 -6.507188826799392700e-02 -8.229041844606399536e-02
-2.646938432008028030e-03 -5.937416106462478638e-02 6.016242504119873047e-02
4.400326311588287354e-02 -1.525895204395055771e-02 -7.130899280309677124e-02
6.520396471023559570e-02 4.551993682980537415e-02 -5.155433434993028641e-03
-6.471020635217428207e-03 -6.676309555768966675e-02 -7.969427853822708130e-02
7.188726961612701416e-02 5.124975368380546570e-02 -5.207492783665657043e-02
-3.151113539934158325e-02 -1.760716363787651062e-02 5.912288650870323181e-02
6.850047409534454346e-02 -4.749333485960960388e-02 -2.041252143681049347e-02
7.393544167280197144e-02 -1.595434546470642090e-02 5.314943939447402954e-02
-6.534785777330398560e-02 -4.761995002627372742e-02 -6.406280398368835449e-02
6.130898743867874146e-02 7.302241399884223938e-03 1.456761267036199570e-02
3.602841868996620178e-02 8.053071796894073486e-02 -7.079154253005981445e-02
-6.791407614946365356e-02 -8.875380270183086395e-03 -1.470095291733741760e-02
-3.049311973154544830e-02 5.695012584328651428e-02 6.969431787729263306e-02
1.097299158573150635e-02 1.650776714086532593e-02 -1.914480514824390411e-02
-6.755644828081130981e-02 7.440660893917083740e-02 -3.909869119524955750e-02
-1.860982272773981094e-03 3.118068724870681763e-02 -5.022726207971572876e-02
-7.541138678789138794e-02 6.054574996232986450e-02 1.602807454764842987e-02
-2.857843972742557526e-02 -4.524905979633331299e-02 6.315425038337707520e-02
6.385824084281921387e-02 8.864926174283027649e-03 5.120447278022766113e-02
-2.673319540917873383e-02 4.733737558126449585e-02 4.639022797346115112e-02
-3.389851748943328857e-02 6.741578876972198486e-02 3.312560543417930603e-02
1.951177953742444515e-03 -8.218093961477279663e-02 7.094319164752960205e-02
-1.518425252288579941e-02 -6.618623435497283936e-02 8.357516489923000336e-03
1.700752228498458862e-02 6.924127042293548584e-02 5.489416420459747314e-02
-3.261256963014602661e-03 -7.973710889928042889e-04 1.583365228725597262e-04
3.370112180709838867e-02 7.928218692541122437e-02 1.572203636169433594e-02
5.177861824631690979e-02 -5.728807300329208374e-02 6.828423589468002319e-02
-6.942808628082275391e-02 -4.541879892349243164e-02 -7.294320315122604370e-02
4.756275936961174011e-02 3.990968689322471619e-02 -3.937681391835212708e-02
-5.379894375801086426e-02 1.607553660869598389e-02 5.104283802211284637e-03
-2.589962631464004517e-02 -1.570776104927062988e-03 -1.165144424885511398e-02
6.123462691903114319e-03 -3.859686851501464844e-02 7.588182389736175537e-02
1.925353333353996277e-02 -3.649214655160903931e-02 -1.270265318453311920e-03
-3.476271638646721840e-03 1.651401631534099579e-02 6.704895943403244019e-02
2.119473181664943695e-02 1.288857031613588333e-02 -3.006276488304138184e-02
4.886458814144134521e-02 5.768562108278274536e-02 3.184022009372711182e-02
-6.814249604940414429e-02 -3.480100072920322418e-03 -3.789496794342994690e-02
6.385228782892227173e-02 -7.270698994398117065e-02 1.287917792797088623e-02
2.594980597496032715e-02 2.529137767851352692e-02 -5.455518886446952820e-02
-5.630178004503250122e-02 -7.300848513841629028e-02 -5.365315452218055725e-02
5.893152952194213867e-02 -6.298544257879257202e-02 -3.593887388706207275e-02
7.142425328493118286e-02 6.444435566663742065e-02 -4.788481071591377258e-02
-6.157590448856353760e-02 -6.343007832765579224e-02 -6.561028957366943359e-02
7.592342793941497803e-02 5.840753763914108276e-02 4.482060612645000219e-04
-7.095332443714141846e-02 -4.222257062792778015e-02 -4.683518782258033752e-02
-1.619220338761806488e-02 -7.583191245794296265e-02 -6.285303831100463867e-02
-7.456875592470169067e-02 -6.475239247083663940e-02 6.624910980463027954e-02
-5.011253058910369873e-02 -8.206949383020401001e-02 -7.244344800710678101e-02
1.966722309589385986e-02 -6.052876636385917664e-02 6.247621029615402222e-02
1.011178735643625259e-02 1.167133357375860214e-02 -3.619502857327461243e-02
7.309777289628982544e-02 -1.705290749669075012e-02 5.630069971084594727e-02
4.779224842786788940e-02 -7.118592038750648499e-03 -7.374211400747299194e-02
6.566002964973449707e-02 1.682691089808940887e-02 -4.009938612580299377e-02
-8.633635006844997406e-03 4.503392428159713745e-02 4.627127945423126221e-02
6.653562933206558228e-02 1.578891091048717499e-02 7.599154859781265259e-02
6.896127015352249146e-02 -5.975243821740150452e-02 -6.767646968364715576e-02
1.799995079636573792e-02 1.911495812237262726e-02 -4.750013723969459534e-02
3.283463045954704285e-02 -5.092031508684158325e-02 4.421675205230712891e-02
1.966146193444728851e-02 7.710352540016174316e-02 2.892281487584114075e-02
7.545032352209091187e-02 3.203797712922096252e-02 -4.948686808347702026e-03
-8.028090745210647583e-02 2.300592698156833649e-02 6.223024427890777588e-02
5.894453078508377075e-02 -7.135492563247680664e-02 -9.353247471153736115e-03
-4.521053284406661987e-02 5.382131412625312805e-02 -3.686892986297607422e-02
2.668550936505198479e-03 -8.285449445247650146e-02 -7.428772747516632080e-02
3.958000615239143372e-02 7.941978983581066132e-03 -1.492960471659898758e-02
-7.885973155498504639e-02 4.763413965702056885e-02 -6.299165636301040649e-02
7.521402835845947266e-02 4.149128496646881104e-02 -4.456244409084320068e-02
3.057769499719142914e-02 1.290105655789375305e-02 -1.035202201455831528e-02
4.931361414492130280e-03 -4.055052995681762695e-02 8.261767774820327759e-02
3.849233686923980713e-02 -2.547728270292282104e-02 -1.075001340359449387e-02
3.433677926659584045e-02 6.452122330665588379e-02 7.666850835084915161e-02
-3.050032816827297211e-02 3.370507434010505676e-02 -5.679687857627868652e-02
-8.306892961263656616e-02 -2.788833575323224068e-03 3.023002296686172485e-02
3.646124619990587234e-03 -3.834785427898168564e-03 -5.072876065969467163e-02
-1.886726543307304382e-02 4.310770332813262939e-02 -5.901997536420822144e-02
6.465238332748413086e-02 -6.973239779472351074e-02 -8.105638623237609863e-02
1.362461480312049389e-03 5.701558291912078857e-02 5.073205754160881042e-02
-6.224696710705757141e-02 -1.365579944103956223e-02 4.220922663807868958e-02
-8.178144693374633789e-02 7.142376154661178589e-02 3.547871112823486328e-02
-1.194424089044332504e-02 2.466048672795295715e-02 -4.393137246370315552e-02
3.780652210116386414e-02 5.696685984730720520e-02 -2.502727322280406952e-02
-2.654690854251384735e-02 -7.081446051597595215e-02 6.077509000897407532e-02
3.541901009157299995e-03 -7.196705788373947144e-02 -7.366520166397094727e-02
2.782362978905439377e-03 -2.409042557701468468e-03 6.278458237648010254e-02
2.795557305216789246e-02 -8.519223891198635101e-03 -5.801638215780258179e-02
1.535398233681917191e-02 -7.649841159582138062e-02 -4.285310953855514526e-02
4.559484869241714478e-02 -3.830210492014884949e-02 -8.173701167106628418e-02
-7.036585360765457153e-02 -5.178284645080566406e-02 -5.828760191798210144e-02
-6.646216847002506256e-03 3.711332008242607117e-02 -1.765495911240577698e-02
-6.613813340663909912e-03 7.650071382522583008e-02 4.304118826985359192e-02
3.656978160142898560e-02 3.127704188227653503e-02 -4.919621348381042480e-02
-9.954278357326984406e-03 -5.443137884140014648e-02 -2.519510500133037567e-02
6.299108266830444336e-02 -5.767329782247543335e-02 1.038244226947426796e-03
-4.181567206978797913e-02 -4.013629630208015442e-02 -6.190339103341102600e-03
5.838702246546745300e-02 -7.922483235597610474e-02 8.291487395763397217e-02
3.027659840881824493e-02 -1.782589964568614960e-02 4.499075561761856079e-02
4.646609351038932800e-02 8.230866864323616028e-03 -3.441076353192329407e-02
6.470713764429092407e-02 -3.221292048692703247e-02 -2.370157092809677124e-02
-2.260025218129158020e-02 7.240280508995056152e-02 7.598834484815597534e-02
5.905978847295045853e-03 4.735016822814941406e-02 5.974834784865379333e-02
4.698256775736808777e-02 2.579386346042156219e-02 -6.998544931411743164e-02
-7.655792683362960815e-02 -4.952750355005264282e-02 -1.222424209117889404e-02
-5.958987772464752197e-02 -7.816889323294162750e-03 -3.569185733795166016e-02
-1.183646451681852341e-02 3.114490024745464325e-02 1.400938723236322403e-02
1.840105094015598297e-02 -1.683818991295993328e-03 7.041155546903610229e-02
-2.164705842733383179e-02 6.408762186765670776e-02 2.695545367896556854e-02
7.917370647192001343e-02 -4.129083082079887390e-02 6.677404046058654785e-02
-6.606467813253402710e-02 -2.657624334096908569e-02 7.156757265329360962e-02
-5.445872619748115540e-02 1.263325288891792297e-02 8.073169738054275513e-02
2.422791160643100739e-02 -4.860717058181762695e-02 -4.777261987328529358e-02
-6.211794912815093994e-02 5.143229663372039795e-02 -6.354866176843643188e-02
1.842980086803436279e-02 -4.790729656815528870e-02 -1.931677758693695068e-02
-2.599642612040042877e-02 3.366349963471293449e-03 -6.104188412427902222e-02
-3.618619963526725769e-02 -7.752718403935432434e-03 3.841901198029518127e-02
-6.245305016636848450e-02 3.579203784465789795e-02 5.237345024943351746e-02
2.235301770269870758e-02 6.891285069286823273e-03 -7.554930448532104492e-02
-1.428556535392999649e-02 4.000493884086608887e-02 4.253515508025884628e-03
-2.990394644439220428e-02 5.755243822932243347e-02 -7.650179415941238403e-02
6.864614784717559814e-02 -6.283321976661682129e-02 5.801361054182052612e-02
-5.710129812359809875e-02 -2.428163588047027588e-02 -2.580471336841583252e-02
-3.274436295032501221e-02 -1.877825707197189331e-02 -3.565342351794242859e-02
3.107871674001216888e-02 -1.675582118332386017e-02 -7.849480211734771729e-02
-6.576058268547058105e-02 -1.450180914252996445e-02 -6.256623566150665283e-02
2.312674559652805328e-02 -1.592496782541275024e-02 -6.198578327894210815e-02
7.189296931028366089e-02 7.769336551427841187e-02 -2.956584654748439789e-02
-2.569339051842689514e-02 1.046194345690310001e-03 -1.665966119617223740e-04
-7.761312276124954224e-02 -6.484490633010864258e-02 6.696989387273788452e-02
-2.059437148272991180e-02 6.897763907909393311e-02 -4.288356006145477295e-02
6.745478510856628418e-02 -6.942395120859146118e-02 3.755879029631614685e-02
3.639423847198486328e-02 -7.520311325788497925e-02 7.568681985139846802e-02
3.194278478622436523e-02 -6.218776479363441467e-02 4.180663824081420898e-02
-7.193343341350555420e-02 7.498122751712799072e-02 -5.555979907512664795e-02
1.990224793553352356e-02 2.149400115013122559e-02 -5.035761371254920959e-02
-6.797030568122863770e-03 5.001138523221015930e-02 -4.516429454088211060e-02
-5.503889173269271851e-02 -5.493849050253629684e-03 6.607986986637115479e-02
4.241386428475379944e-02 4.372155293822288513e-03 7.446157932281494141e-02
-6.760013103485107422e-02 7.987471669912338257e-02 6.745138019323348999e-02
6.764029711484909058e-02 5.101936683058738708e-02 -8.113469928503036499e-02
2.920549549162387848e-02 7.681972533464431763e-02 -6.664912402629852295e-02
1.991120167076587677e-02 -3.191724419593811035e-02 1.499051321297883987e-02
-3.679163381457328796e-02 -7.436521351337432861e-02 5.609137937426567078e-02
8.029130846261978149e-02 5.765565484762191772e-02 3.456815332174301147e-02
1.813552714884281158e-02 1.369949709624052048e-02 -6.575775146484375000e-02
2.476791106164455414e-02 4.028290882706642151e-02 -2.819572202861309052e-02
-8.953007869422435760e-03 -6.672049313783645630e-02 6.332644820213317871e-02
-1.561970915645360947e-02 -4.850645363330841064e-02 6.720772385597229004e-02
-2.328449301421642303e-02 6.540261209011077881e-02 -3.101766854524612427e-02
-5.066895112395286560e-02 -2.522105351090431213e-02 -1.192820444703102112e-02
-8.322023600339889526e-02 7.628301531076431274e-02 -2.166786417365074158e-02
1.019151415675878525e-03 -3.384345397353172302e-02 4.350085929036140442e-02
-4.603072628378868103e-02 7.923100143671035767e-02 4.248654842376708984e-02
2.044323459267616272e-02 3.893855959177017212e-02 4.653409123420715332e-02
3.669890388846397400e-02 -4.626797139644622803e-02 5.231579300016164780e-03
-5.186557397246360779e-02 -6.364161521196365356e-02 -2.995701506733894348e-02
-7.548225671052932739e-02 2.595458179712295532e-02 1.819568686187267303e-02
-1.704579032957553864e-02 -3.596198186278343201e-02 8.329532295465469360e-02
8.288425207138061523e-02 -2.560859546065330505e-02 -1.031778287142515182e-02
-7.906021177768707275e-02 2.711726166307926178e-02 -4.822323098778724670e-02
2.636959590017795563e-02 -1.839558221399784088e-02 1.626731827855110168e-02
-4.958672076463699341e-02 3.967371582984924316e-02 4.282569140195846558e-02
-5.440557748079299927e-02 -4.273251816630363464e-02 5.159672722220420837e-02
2.345351129770278931e-02 -8.122747391462326050e-02 -3.877700865268707275e-02
-4.049735143780708313e-02 -7.603900134563446045e-02 7.568167895078659058e-02
-6.131004542112350464e-02 -2.349044010043144226e-02 7.043269276618957520e-02
8.401537314057350159e-03 6.117139756679534912e-02 6.505637615919113159e-02
-2.308720909059047699e-02 1.360411942005157471e-02 5.593433231115341187e-02
1.490857545286417007e-02 2.625996246933937073e-02 3.146180137991905212e-02
-4.024106264114379883e-02 8.067274838685989380e-02 -8.166429400444030762e-02
2.203315682709217072e-02 -7.265555113554000854e-02 -4.811797663569450378e-02
2.790985442698001862e-02 1.400832366198301315e-02 -2.414143085479736328e-02
-2.923314087092876434e-02 -4.629285633563995361e-02 6.872559338808059692e-02
7.817628979682922363e-02 6.212756503373384476e-03 2.549768611788749695e-02
7.385308295488357544e-02 1.417841110378503799e-02 -7.373652607202529907e-02
-2.161067910492420197e-03 5.504565685987472534e-02 7.532561570405960083e-02
6.793416291475296021e-02 3.198339790105819702e-02 5.420278757810592651e-02
-5.900574475526809692e-02 3.051940165460109711e-02 5.963505804538726807e-02
2.332865260541439056e-02 2.413087151944637299e-02 -3.269690647721290588e-02
2.421766705811023712e-02 2.591665461659431458e-02 4.011208564043045044e-02
-6.223548576235771179e-02 -4.031344875693321228e-02 2.346508577466011047e-02
-5.041085556149482727e-02 6.937986612319946289e-02 3.942804783582687378e-02
8.103919029235839844e-02 3.281838074326515198e-02 7.681347429752349854e-02
-4.101664200425148010e-02 -7.815160602331161499e-02 -3.924626111984252930e-02
7.651588320732116699e-02 -6.093496829271316528e-02 -2.112917788326740265e-02
-3.421168401837348938e-02 3.119298070669174194e-02 -1.913095824420452118e-03
4.092132672667503357e-02 -4.180618375539779663e-02 -1.043936423957347870e-02
-1.641080528497695923e-02 -7.915864139795303345e-02 -1.389169972389936447e-02
-4.472749307751655579e-02 -8.101720362901687622e-02 -1.678718999028205872e-02
-8.056337013840675354e-03 6.052739173173904419e-02 -5.348525196313858032e-02
2.343438193202018738e-02 6.677386164665222168e-02 7.940098643302917480e-02
8.019746094942092896e-02 5.345425754785537720e-02 -6.493674963712692261e-02
4.225730895996093750e-02 6.869789958000183105e-02 4.790145158767700195e-02
1.662822067737579346e-02 2.826927043497562408e-02 4.786071926355361938e-02
-1.229437720030546188e-02 -3.852464957162737846e-03 -8.181838691234588623e-02
-2.462091669440269470e-02 6.979113072156906128e-02 -6.740931421518325806e-02
4.568161070346832275e-02 9.985258802771568298e-03 2.690796740353107452e-02
2.100872248411178589e-02 3.704908862709999084e-02 -4.555667936801910400e-02
-6.980579346418380737e-02 -3.021110035479068756e-02 -9.514163248240947723e-03
5.307461693882942200e-02 -1.324331760406494141e-02 -5.494057387113571167e-02
-6.230287253856658936e-02 -4.415993764996528625e-02 -6.383340060710906982e-02
2.717501483857631683e-03 -5.555719137191772461e-02 3.202571719884872437e-02
4.668415058404207230e-03 7.688372582197189331e-02 -8.009117096662521362e-02
-2.620754018425941467e-02 -6.422486621886491776e-03 5.377397313714027405e-02
2.551203966140747070e-02 2.877059765160083771e-02 8.190643787384033203e-02
1.226185262203216553e-02 -7.546020299196243286e-02 -2.145631425082683563e-02
8.153343200683593750e-02 -6.160862743854522705e-02 -8.211021870374679565e-02
6.115640327334403992e-02 -7.981488481163978577e-03 -3.726186230778694153e-02
8.988610468804836273e-03 -6.404513958841562271e-03 2.918186411261558533e-02
-5.007671937346458435e-02 -1.371786557137966156e-02 -7.483599334955215454e-02
-5.756583064794540405e-02 3.099465742707252502e-02 -3.842369094491004944e-02
9.616201743483543396e-03 -7.547786086797714233e-02 5.432496964931488037e-02
-4.083010181784629822e-02 4.952702298760414124e-02 3.886453807353973389e-02
6.035032495856285095e-02 3.303417563438415527e-02 -6.301449984312057495e-02
-4.483902454376220703e-02 7.261138409376144409e-02 5.562500655651092529e-02
-2.211017906665802002e-02 -1.876502111554145813e-02 7.159173488616943359e-02
-8.226272650063037872e-03 2.225589938461780548e-02 1.383070275187492371e-02
1.102951541543006897e-02 3.906940296292304993e-02 8.288939297199249268e-02
-4.285501316189765930e-02 4.719426855444908142e-02 4.525927826762199402e-02
-1.175767369568347931e-02 8.143660426139831543e-02 7.495147734880447388e-02
-5.517910048365592957e-02 -5.760917440056800842e-02 -1.672835648059844971e-02
4.909560084342956543e-02 3.395294770598411560e-02 7.094661146402359009e-02
1.662493869662284851e-02 4.206765815615653992e-02 2.274092659354209900e-02
-2.472603693604469299e-02 8.147773891687393188e-02 -3.690326958894729614e-02
7.024250924587249756e-02 -3.228899091482162476e-02 -4.428053274750709534e-02
-4.674806445837020874e-02 -6.468403339385986328e-02 -7.975985109806060791e-02
2.519546076655387878e-02 -5.979056283831596375e-02 -2.173837833106517792e-02
4.008186608552932739e-02 -6.169340573251247406e-03 8.276952803134918213e-02
7.864351570606231689e-02 2.467907778918743134e-02 5.398362874984741211e-02
-6.109743565320968628e-02 8.164534717798233032e-02 -1.682365871965885162e-02
5.376332998275756836e-02 -1.309003448113799095e-03 -2.856564521789550781e-02
5.785661749541759491e-03 -7.956506311893463135e-02 3.529989719390869141e-02
-6.896600872278213501e-02 -7.544346898794174194e-02 -8.378498256206512451e-02
-2.687747590243816376e-02 -5.397620052099227905e-02 3.165290877223014832e-02
5.550915841013193130e-03 5.416674166917800903e-02 -2.538011595606803894e-02
-5.092131905257701874e-03 -1.192336715757846832e-02 -4.983323067426681519e-02
5.583406239748001099e-02 3.138319402933120728e-02 -1.870791800320148468e-02
6.423601508140563965e-02 -2.814500033855438232e-02 6.476830691099166870e-02
-2.141056954860687256e-02 -2.053582482039928436e-02 3.250068798661231995e-02
3.565493226051330566e-02 -5.049793422222137451e-02 -7.192370295524597168e-02
7.436656951904296875e-02 6.440001726150512695e-02 -3.273322805762290955e-02
-9.733276441693305969e-03 -2.026214264333248138e-02 1.297798100858926773e-02
-6.712430156767368317e-03 7.062080502510070801e-02 9.696645662188529968e-03
4.537165164947509766e-02 3.677731752395629883e-02 1.660365052521228790e-02
-7.908944785594940186e-02 -4.813492298126220703e-02 -7.297135144472122192e-02
-2.719285897910594940e-02 -2.261952124536037445e-02 -3.119506873190402985e-02
7.216482609510421753e-02 -1.494261901825666428e-02 -6.144557148218154907e-02
