-1.545929461717605591e-01 1.597660630941390991e-01
5.070232972502708435e-02 7.858227938413619995e-02
4.705801978707313538e-02 9.778920561075210571e-02
-1.283896267414093018e-01 1.164773330092430115e-01
1.193164661526679993e-01 7.980681210756301880e-02
-1.747356206178665161e-01 -1.196595802903175354e-01
2.266140468418598175e-02 2.215710096061229706e-02
-1.284720897674560547e-01 -1.303516179323196411e-01
3.903754800558090210e-02 -6.455004215240478516e-02
4.400379210710525513e-02 -2.654496021568775177e-02
-6.963003426790237427e-02 -8.107606321573257446e-02
-1.562150567770004272e-01 -4.842319525778293610e-03
-1.291851252317428589e-01 2.221831306815147400e-02
1.078406274318695068e-01 -1.893484499305486679e-03
2.778803370893001556e-02 -1.463982909917831421e-01
9.327087551355361938e-02 3.267849388066679239e-04
-2.268201671540737152e-02 -2.673357911407947540e-02
-1.228744760155677795e-01 1.731746345758438110e-01
1.294594258069992065e-01 1.028470918536186218e-01
2.376333810389041901e-02 -5.025397613644599915e-02
-1.049719005823135376e-01 -1.728787869215011597e-01
-1.080238074064254761e-01 -1.713166236877441406e-01
-1.343843992799520493e-02 8.111868984997272491e-03
1.261172890663146973e-01 6.754864007234573364e-02
-5.692006647586822510e-02 1.051668599247932434e-01
-6.876423023641109467e-03 1.679331511259078979e-01
1.505128592252731323e-01 1.353060603141784668e-01
-1.493624746799468994e-01 7.187908887863159180e-02
7.358159869909286499e-02 -1.576080918312072754e-01
7.335249334573745728e-02 1.120301336050033569e-01
-1.429767012596130371e-01 1.542440354824066162e-01
-7.576800882816314697e-02 8.784151822328567505e-02
1.741700172424316406e-01 -1.228556260466575623e-01
-4.203005880117416382e-02 -1.126590222120285034e-01
-2.088481001555919647e-02 2.784434705972671509e-03
-7.149400562047958374e-02 -4.279447719454765320e-02
-1.241443026810884476e-02 -6.334631145000457764e-02
5.451752617955207825e-02 1.269243955612182617e-01
1.290520727634429932e-01 1.765653342008590698e-01
2.927535399794578552e-02 3.285502642393112183e-02
-3.357335925102233887e-02 -1.156622450798749924e-02
-1.561565846204757690e-01 1.044372171163558960e-01
1.762998998165130615e-01 -3.083727508783340454e-02
6.028785556554794312e-02 2.635000739246606827e-03
-4.586873948574066162e-02 1.541530191898345947e-01
2.863704785704612732e-02 -1.137817203998565674e-01
-1.236390024423599243e-01 -1.576032191514968872e-01
-8.920966833829879761e-02 2.360671572387218475e-02
9.614398330450057983e-02 -1.604163944721221924e-01
4.269747063517570496e-02 1.027113795280456543e-01
5.424420908093452454e-02 1.225228887051343918e-02
1.577317863702774048e-01 2.640187367796897888e-02
7.400521636009216309e-02 -3.723491728305816650e-02
-1.232356354594230652e-01 -1.603761762380599976e-01
-5.357159301638603210e-02 -1.466800868511199951e-01
-6.985519081354141235e-02 -1.659535020589828491e-01
-1.010137870907783508e-01 -6.944387406110763550e-02
-1.088218670338392258e-02 1.484643071889877319e-01
-3.555940836668014526e-02 -1.732050478458404541e-01
-1.246796622872352600e-01 -1.700466275215148926e-01
-4.450328275561332703e-02 -9.558497369289398193e-02
-3.832703514490276575e-04 -8.721710741519927979e-02
5.990382656455039978e-02 -1.286640018224716187e-01
-6.886791437864303589e-02 -3.330544382333755493e-02
7.049977779388427734e-02 -8.182086050510406494e-02
8.384184539318084717e-02 -6.740881502628326416e-02
-4.488877579569816589e-02 1.071257516741752625e-01
1.488480567932128906e-01 -2.977146208286285400e-02
-1.231444180011749268e-01 7.170869410037994385e-02
-1.660807281732559204e-01 4.152256995439529419e-02
9.600771963596343994e-02 3.047106973826885223e-02
-2.198330126702785492e-02 -4.003348574042320251e-02
5.915295705199241638e-02 -1.067638471722602844e-01
-3.714193031191825867e-02 -4.151618853211402893e-02
-7.764942198991775513e-02 8.931881934404373169e-02
-1.642046570777893066e-01 1.536490768194198608e-01
1.516769230365753174e-01 -7.252594083547592163e-02
-6.011724099516868591e-02 -7.576156407594680786e-02
-4.304254800081253052e-02 -1.733060181140899658e-01
-2.521128393709659576e-02 -1.457081586122512817e-01
5.885268002748489380e-02 3.465520963072776794e-02
-1.452314108610153198e-01 -1.665167510509490967e-01
1.402854174375534058e-01 2.824960276484489441e-02
-5.800346285104751587e-02 -3.668549656867980957e-02
4.807296022772789001e-02 1.157674342393875122e-01
1.015724688768386841e-01 1.278829425573348999e-01
-2.562903612852096558e-02 1.318414658308029175e-01
-1.633860617876052856e-01 -1.158057339489459991e-02
-1.016847193241119385e-01 1.187066361308097839e-01
-2.873975783586502075e-02 -1.148146688938140869e-01
4.375081881880760193e-02 8.145492523908615112e-02
-4.960293881595134735e-03 -8.054962381720542908e-03
-1.536660343408584595e-01 4.238758236169815063e-02
-4.068220779299736023e-02 -7.650345563888549805e-02
-1.708671599626541138e-01 1.267820149660110474e-01
1.058972179889678955e-01 1.236480027437210083e-01
3.796212375164031982e-03 -1.338551640510559082e-01
-6.610972434282302856e-02 2.679974958300590515e-02
-3.910880908370018005e-02 1.162812039256095886e-01
1.731811612844467163e-01 -1.668118238449096680e-01
9.052417427301406860e-02 -1.469476968050003052e-01
-5.319930613040924072e-02 -1.642113327980041504e-01
2.184210531413555145e-02 -3.525590896606445312e-02
1.320163160562515259e-01 4.293418303132057190e-02
1.137982606887817383e-01 -3.396040573716163635e-02
-1.315707415342330933e-01 -2.027771621942520142e-02
-1.842225529253482819e-02 2.651750668883323669e-02
-5.545335263013839722e-02 1.213945299386978149e-01
1.557149440050125122e-01 1.004049479961395264e-01
5.346054583787918091e-02 1.881825551390647888e-02
-1.308722198009490967e-01 -1.005533039569854736e-01
2.869321592152118683e-02 1.693569272756576538e-01
-1.147463992238044739e-01 1.820437028072774410e-03
-1.090228557586669922e-01 -9.123495966196060181e-02
-8.811742067337036133e-02 1.675093430094420910e-03
-8.970785140991210938e-02 -5.262645706534385681e-02
-1.827800832688808441e-02 1.320084333419799805e-01
9.997892379760742188e-02 7.930622994899749756e-02
-1.684879139065742493e-02 4.167246818542480469e-02
2.239295840263366699e-02 1.344785541296005249e-01
-6.624651700258255005e-02 -1.798392385244369507e-01
2.971800975501537323e-02 1.183904930949211121e-01
1.582692414522171021e-01 -9.008766710758209229e-02
-1.223979517817497253e-01 1.051593571901321411e-01
2.228168584406375885e-02 -8.959043025970458984e-02
-1.746772378683090210e-01 1.551614701747894287e-01
1.583307087421417236e-01 6.639897823333740234e-02
6.270699668675661087e-04 1.210217326879501343e-01
7.203378528356552124e-02 6.787788867950439453e-02
-2.974120154976844788e-02 5.728178843855857849e-02
-1.271372288465499878e-02 -1.709625571966171265e-01
-9.202048927545547485e-02 1.507685035467147827e-01
-5.860681086778640747e-02 -3.678720816969871521e-02
-3.411173820495605469e-02 1.653937101364135742e-01
-1.432936340570449829e-01 1.552329510450363159e-01
-2.477013505995273590e-02 -9.319569915533065796e-03
-1.515199244022369385e-01 5.150632187724113464e-02
-1.637087762355804443e-01 1.567669063806533813e-01
7.332558184862136841e-02 1.711310893297195435e-01
1.280900985002517700e-01 1.527784466743469238e-01
2.831951156258583069e-02 4.417563602328300476e-02
4.499240219593048096e-02 8.310305327177047729e-02
1.527187973260879517e-02 1.013063415884971619e-01
-1.182502508163452148e-01 -1.422748714685440063e-01
-1.718038134276866913e-02 1.729244887828826904e-01
-5.787840485572814941e-02 -1.549787819385528564e-01
-3.486559167504310608e-02 -4.630251601338386536e-02
-7.760900259017944336e-02 -5.497688055038452148e-02
7.504651788622140884e-03 -6.442329287528991699e-02
1.476013511419296265e-01 1.700542569160461426e-01
-1.427853405475616455e-01 -5.294313654303550720e-02
1.241226196289062500e-01 -9.558586776256561279e-02
1.370691508054733276e-01 -8.543647825717926025e-02
1.706844866275787354e-01 -1.580300778150558472e-01
1.003092378377914429e-01 8.727812208235263824e-03
6.751340627670288086e-02 -8.337890356779098511e-02
-1.627245247364044189e-01 7.900594174861907959e-02
-9.336425364017486572e-02 -7.836103439331054688e-02
1.633395254611968994e-01 1.224689465016126633e-02
-1.683746278285980225e-02 1.049268152564764023e-02
1.196403652429580688e-01 1.735024037770926952e-03
-2.460337057709693909e-02 1.021931990981101990e-01
-1.616405397653579712e-01 1.255993098020553589e-01
-9.827551990747451782e-02 1.157013028860092163e-01
-1.654651015996932983e-01 5.946256220340728760e-02
1.388157606124877930e-01 1.165633797645568848e-01
-3.990956116467714310e-03 -5.158160999417304993e-02
-6.993938237428665161e-02 -1.362230777740478516e-01
-1.645196229219436646e-01 -1.348642818629741669e-02
9.516824036836624146e-02 1.327895969152450562e-01
1.687050014734268188e-01 9.089805930852890015e-02
-1.400948464870452881e-01 -2.549095079302787781e-02
-1.339940130710601807e-01 1.083320081233978271e-01
-1.437223516404628754e-03 -1.336700469255447388e-01
-9.726977348327636719e-02 3.544789180159568787e-02
1.473483592271804810e-01 -8.738439530134201050e-03
-1.213483419269323349e-02 -7.005713135004043579e-02
1.218575425446033478e-02 1.292296051979064941e-01
-4.301489889621734619e-02 -1.237275302410125732e-01
1.274758875370025635e-01 -1.172754615545272827e-01
1.268516927957534790e-01 1.587761938571929932e-01
1.692088842391967773e-01 -5.084117501974105835e-02
4.173407796770334244e-03 -1.102997735142707825e-01
-1.265195459127426147e-01 -1.204484105110168457e-01
-1.217695698142051697e-01 -1.036777943372726440e-01
1.479051262140274048e-01 1.319989860057830811e-01
-1.542643755674362183e-01 1.283701658248901367e-01
5.223422497510910034e-02 -2.902865596115589142e-02
1.611018180847167969e-01 1.049523949623107910e-01
-2.817721292376518250e-02 3.477251529693603516e-02
1.146520897746086121e-01 1.599702169187366962e-03
7.489884644746780396e-02 -6.813783943653106689e-02
7.967297732830047607e-02 1.766133457422256470e-01
6.045569851994514465e-02 4.436897113919258118e-02
9.030966460704803467e-02 8.359990268945693970e-02
1.233301833271980286e-01 1.445825994014739990e-01
-2.393794804811477661e-02 -2.072918415069580078e-02
3.509813919663429260e-02 -7.385846972465515137e-02
-9.575892239809036255e-02 9.023558348417282104e-02
-1.207620203495025635e-01 7.715054601430892944e-02
5.634017661213874817e-02 -4.268316552042961121e-03
-5.860759317874908447e-02 -1.699832677841186523e-01
1.480441987514495850e-01 4.981597512960433960e-02
-9.776727855205535889e-02 1.568374633789062500e-01
1.458867192268371582e-01 6.874435395002365112e-02
1.168823167681694031e-01 -1.241096574813127518e-02
-1.180869713425636292e-01 -6.956833600997924805e-02
-1.597240418195724487e-01 1.423266381025314331e-01
-8.954600431025028229e-03 6.826478242874145508e-02
1.177408993244171143e-01 1.229507550597190857e-01
-1.245593801140785217e-01 -7.162266969680786133e-02
-1.483530253171920776e-01 2.049719356000423431e-02
1.634693145751953125e-01 -1.172444820404052734e-01
-1.603591144084930420e-01 1.687295734882354736e-01
7.125756144523620605e-02 -1.608416587114334106e-01
-7.989725470542907715e-02 -1.476507540792226791e-02
9.015844017267227173e-02 1.535154730081558228e-01
-5.257703736424446106e-02 -2.638177201151847839e-02
-3.423715010285377502e-02 -1.525061428546905518e-01
6.823699921369552612e-02 -7.076624780893325806e-02
7.364599965512752533e-03 -1.476763039827346802e-01
3.659744560718536377e-02 1.434603333473205566e-01
1.313260942697525024e-01 -1.346413940191268921e-01
1.391364037990570068e-01 2.671709656715393066e-02
-1.148526966571807861e-01 -1.731081455945968628e-01
1.657060831785202026e-01 -1.582537740468978882e-01
1.240244284272193909e-01 -1.450979262590408325e-01
9.984946250915527344e-02 -1.045369803905487061e-01
-1.619649082422256470e-01 -1.083176732063293457e-01
1.306647658348083496e-01 4.665890708565711975e-02
6.011116877198219299e-02 1.004538312554359436e-01
1.595212072134017944e-01 9.852255135774612427e-02
1.422876864671707153e-01 5.384408682584762573e-02
8.954109251499176025e-02 4.357892274856567383e-02
1.517297029495239258e-01 -1.029819846153259277e-01
1.071899682283401489e-01 9.690546989440917969e-02
2.582593448460102081e-02 1.609008014202117920e-01
1.532645374536514282e-01 4.256840422749519348e-02
1.071740910410881042e-01 8.437874168157577515e-02
-8.000683039426803589e-02 -4.039400443434715271e-02
1.767129004001617432e-01 1.175807490944862366e-01
-8.127274364233016968e-02 1.179971322417259216e-01
7.011944055557250977e-02 -9.544018656015396118e-02
1.206003203988075256e-01 8.655276149511337280e-02
1.386636197566986084e-01 1.009455695748329163e-01
1.111237183213233948e-01 1.251035779714584351e-01
-1.388008594512939453e-01 -1.552412360906600952e-01
1.432643979787826538e-01 1.213973537087440491e-01
-1.565836220979690552e-01 -8.702721446752548218e-02
4.535052552819252014e-02 5.780803970992565155e-03
-8.838866651058197021e-02 -8.576243370771408081e-02
8.331248164176940918e-02 -8.886884897947311401e-03
1.762603372335433960e-01 1.425088047981262207e-01
-2.071323618292808533e-02 9.972446411848068237e-02
2.731604687869548798e-02 4.396049305796623230e-02
-1.591140478849411011e-01 1.411970555782318115e-01
