8.289375901222229004e-01
1.989785283803939819e-01
2.479118704795837402e-01
1.896190196275711060e-01
8.376287221908569336e-01
2.319871187210083008e-01
8.853713870048522949e-01
2.175332605838775635e-01
-2.239708155393600464e-01
8.916576951742172241e-02
1.582467406988143921e-01
-6.041944399476051331e-02
3.162645399570465088e-01
-2.363773137331008911e-01
-2.467073947191238403e-01
-1.324123293161392212e-01
-3.409026861190795898e-01
2.522074580192565918e-01
-2.814286351203918457e-01
3.089925944805145264e-01
2.961381673812866211e-01
-4.587552696466445923e-02
2.826967239379882812e-01
2.873405516147613525e-01
2.607428729534149170e-01
3.120877780020236969e-02
2.734072804450988770e-01
-1.255598813295364380e-01
2.469986528158187866e-01
-2.093030810356140137e-01
8.031424134969711304e-02
-2.905922830104827881e-01
-1.492060124874114990e-01
2.164784073829650879e-02
-4.519417136907577515e-02
2.491126507520675659e-01
2.100510448217391968e-01
-2.196151018142700195e-01
-2.587554976344108582e-02
-1.904057115316390991e-01
-1.666480004787445068e-01
1.651556603610515594e-02
1.202629208564758301e-01
-3.249182403087615967e-01
-2.068726718425750732e-01
-1.769596636295318604e-01
3.643785417079925537e-02
1.891807019710540771e-01
2.193412482738494873e-01
-8.537334948778152466e-02
-1.269831508398056030e-01
3.033632338047027588e-01
-3.517090976238250732e-01
2.376097142696380615e-01
2.887718975543975830e-01
-3.330354690551757812e-01
1.349281799048185349e-02
-2.920162975788116455e-01
-1.517153829336166382e-01
-8.651017397642135620e-02
-1.466043889522552490e-01
-1.701678186655044556e-01
-9.638957679271697998e-02
-5.906591564416885376e-02
-1.337154656648635864e-01
5.515438318252563477e-02
1.717519015073776245e-01
2.796649932861328125e-01
2.956566810607910156e-01
-3.574816882610321045e-01
1.704694479703903198e-01
-4.614638537168502808e-02
-3.022596538066864014e-01
2.863369882106781006e-01
1.755954027175903320e-01
3.237586915493011475e-01
-6.949079781770706177e-02
-1.607181727886199951e-01
-1.224273815751075745e-01
-2.813836336135864258e-01
2.112531960010528564e-01
-2.475579828023910522e-01
2.400237880647182465e-02
1.661292314529418945e-01
2.149236351251602173e-01
-1.491480767726898193e-01
3.033101558685302734e-01
2.364029586315155029e-01
-1.495501250028610229e-01
-1.394918859004974365e-01
3.039407730102539062e-01
2.035930305719375610e-01
-1.856568902730941772e-01
-2.049377746880054474e-02
-2.193151563405990601e-01
1.673667430877685547e-01
-3.705836459994316101e-02
-1.784517019987106323e-01
-2.613499760627746582e-01
1.326344907283782959e-01
-1.347794532775878906e-01
-1.238527372479438782e-01
2.231932133436203003e-01
1.859876662492752075e-01
-3.216308653354644775e-01
5.941844731569290161e-02
1.415276974439620972e-01
1.245779767632484436e-01
-1.587509959936141968e-01
2.384102046489715576e-01
-2.047483623027801514e-01
-2.427594065666198730e-01
1.993503868579864502e-01
-3.501880168914794922e-01
1.518006622791290283e-01
-1.403929144144058228e-01
1.410932242870330811e-01
-1.831820011138916016e-01
4.678039625287055969e-02
-3.127665519714355469e-01
-2.769884169101715088e-01
-3.536790609359741211e-01
-2.070375978946685791e-01
1.572764292359352112e-02
4.682985320687294006e-02
2.839344739913940430e-01
-2.740982770919799805e-01
-4.696901515126228333e-02
-5.238883569836616516e-02
1.499744355678558350e-01
-2.180753834545612335e-02
1.466358155012130737e-01
2.962835729122161865e-01
-3.053288161754608154e-01
-2.665349245071411133e-01
1.965991258621215820e-01
1.606048941612243652e-01
-2.611680924892425537e-01
1.262879669666290283e-01
-1.611759066581726074e-01
2.946608960628509521e-01
9.833197295665740967e-02
6.866770982742309570e-02
-5.797369778156280518e-02
3.080333173274993896e-01
-2.373382300138473511e-01
-1.490426957607269287e-01
-2.391974180936813354e-01
-2.748907208442687988e-01
-2.075746655464172363e-01
5.318688601255416870e-02
-5.297054722905158997e-02
-1.954428106546401978e-01
2.523425035178661346e-02
-8.997776359319686890e-02
2.386045008897781372e-01
7.842479646205902100e-02
-2.896136045455932617e-01
3.913725912570953369e-02
-4.947968944907188416e-02
1.853389739990234375e-01
5.177420005202293396e-02
-3.810621798038482666e-02
2.415843158960342407e-01
8.705778419971466064e-02
2.783726900815963745e-03
2.352448701858520508e-01
2.089046388864517212e-01
