-7.479970157146453857e-02 2.320927102118730545e-03 6.358779221773147583e-02
-4.981168732047080994e-02 7.595176994800567627e-02 5.441855639219284058e-02
5.115022882819175720e-03 4.790843930095434189e-03 5.906448885798454285e-02
-1.826178655028343201e-02 -2.736601978540420532e-02 5.158701539039611816e-02
4.436835274100303650e-02 -8.506967127323150635e-02 1.652061822824180126e-03
5.113978311419487000e-02 3.882922977209091187e-02 -4.653512150980532169e-04
7.767786830663681030e-02 -7.604684680700302124e-02 7.160767912864685059e-02
-2.809079177677631378e-02 -1.027270033955574036e-02 -7.566511631011962891e-02
-8.101855404675006866e-03 -5.414895340800285339e-02 -7.609485089778900146e-02
-6.922978907823562622e-02 -5.433883517980575562e-02 4.473838955163955688e-02
-4.906770586967468262e-02 -2.500969916582107544e-02 2.404733374714851379e-02
-8.058291673660278320e-02 -4.140316694974899292e-02 -5.198835954070091248e-02
3.252055123448371887e-02 6.098002940416336060e-02 5.940118432044982910e-02
-4.161933436989784241e-02 -1.022036932408809662e-02 2.635056152939796448e-02
7.619526982307434082e-02 -1.164640951901674271e-02 5.033888854086399078e-03
7.654605060815811157e-02 -8.675442636013031006e-02 9.905139915645122528e-03
3.528771921992301941e-02 7.689967751502990723e-02 -1.000536358333192766e-04
1.267241779714822769e-02 -7.085509598255157471e-02 -6.145049259066581726e-02
7.783155143260955811e-02 -3.786714747548103333e-02 -6.105909124016761780e-02
-4.475931078195571899e-02 2.692990005016326904e-02 -6.032109633088111877e-02
1.625171303749084473e-02 -1.349848974496126175e-02 2.358705364167690277e-02
4.420995339751243591e-02 -4.143754020333290100e-02 -2.154910191893577576e-02
-2.580568008124828339e-02 -5.941574648022651672e-02 7.895823568105697632e-03
4.862840846180915833e-02 -4.588895291090011597e-02 1.491177361458539963e-02
7.591064274311065674e-02 -2.199388295412063599e-02 6.776770949363708496e-02
7.391075044870376587e-02 6.824275851249694824e-02 -2.100819163024425507e-02
-6.290588062256574631e-04 -6.325206160545349121e-02 3.235814347863197327e-02
2.008899487555027008e-02 4.842822253704071045e-02 -3.665550053119659424e-02
-3.849671036005020142e-02 6.656715273857116699e-02 -7.867740839719772339e-02
-7.948346436023712158e-02 -3.239669278264045715e-02 2.811582572758197784e-02
1.680892147123813629e-02 2.037139423191547394e-02 1.660971902310848236e-02
-4.820308834314346313e-02 -4.010851681232452393e-02 -3.801646828651428223e-02
-2.040974423289299011e-02 -4.194592311978340149e-02 -3.794461954385042191e-03
-3.412556648254394531e-02 6.813672184944152832e-02 1.943981088697910309e-02
-1.914821006357669830e-02 -1.964461430907249451e-02 -3.468893095850944519e-02
4.301140457391738892e-02 5.507155135273933411e-02 -3.619741275906562805e-02
-2.829882316291332245e-02 -1.766274496912956238e-02 -2.729038335382938385e-02
3.001581877470016479e-02 5.596596002578735352e-02 2.117979526519775391e-02
-8.208669722080230713e-02 1.726908236742019653e-02 -1.890956982970237732e-02
1.430715341120958328e-02 6.622248142957687378e-02 1.035510189831256866e-02
3.232938051223754883e-02 -4.186664894223213196e-02 1.104555651545524597e-02
2.028313651680946350e-02 5.158786661922931671e-03 -6.688602268695831299e-02
4.736679792404174805e-02 -7.343576848506927490e-02 -4.165130481123924255e-02
3.691470250487327576e-02 -7.252300530672073364e-02 -1.408283691853284836e-02
-5.272473394870758057e-02 7.078565657138824463e-02 -6.122220307588577271e-02
7.216169685125350952e-02 -5.537971854209899902e-02 -1.557828579097986221e-02
-5.027975142002105713e-02 4.544314742088317871e-02 -5.299811810255050659e-02
-4.467043559998273849e-03 3.667211160063743591e-02 2.317016571760177612e-02
-6.387223303318023682e-02 1.257093157619237900e-02 -7.509315758943557739e-02
7.589119672775268555e-02 -8.895792998373508453e-03 7.764455862343311310e-03
-3.420303389430046082e-02 -4.966305941343307495e-02 -9.579129517078399658e-03
4.731713980436325073e-02 -1.072369329631328583e-02 -3.294114395976066589e-02
-6.380596011877059937e-02 -3.944910131394863129e-03 -3.573871031403541565e-02
-6.851394474506378174e-02 -4.648267850279808044e-02 4.533914849162101746e-03
6.210332363843917847e-02 6.957051903009414673e-02 -3.512650728225708008e-02
2.784995548427104950e-02 -4.864695295691490173e-02 -7.487691938877105713e-02
2.598067745566368103e-02 7.065996527671813965e-02 5.944176390767097473e-02
3.474333882331848145e-02 -7.482714951038360596e-02 9.646990336477756500e-03
3.144735470414161682e-02 4.951317980885505676e-02 -4.966460634022951126e-03
-2.358863689005374908e-02 -4.594082757830619812e-02 -2.069517783820629120e-02
-1.669666729867458344e-02 -2.193052554503083229e-03 7.483613491058349609e-02
5.691489949822425842e-02 -7.963550090789794922e-02 7.145308703184127808e-02
-1.243056729435920715e-02 1.304000988602638245e-02 7.807404547929763794e-02
-8.388910442590713501e-02 -2.632097527384757996e-02 6.472513079643249512e-02
6.385265290737152100e-02 -7.252693921327590942e-02 6.862135976552963257e-02
-3.684610873460769653e-02 3.766328468918800354e-02 -5.542217195034027100e-02
-4.740727134048938751e-03 -8.226364105939865112e-02 -6.379539519548416138e-02
2.949038147926330566e-02 5.345867201685905457e-02 -4.378554224967956543e-02
-6.720279157161712646e-02 4.929741099476814270e-02 -1.393653918057680130e-02
-2.273144945502281189e-02 4.351112246513366699e-02 6.478377152234315872e-03
-5.102387815713882446e-02 -2.613139711320400238e-02 -4.106580093502998352e-02
-4.970084130764007568e-02 -5.891849473118782043e-02 -7.154571264982223511e-02
8.194353431463241577e-02 -2.232836931943893433e-02 6.871813442558050156e-03
-2.300900174304842949e-03 -5.498283356428146362e-02 -1.154702389612793922e-03
-3.002193197607994080e-02 7.143343240022659302e-02 8.252011984586715698e-02
-8.707620203495025635e-03 1.715195551514625549e-02 3.267213329672813416e-02
-1.397094875574111938e-02 4.268506541848182678e-02 -9.818113408982753754e-03
4.824828356504440308e-02 -6.882449984550476074e-02 6.439730525016784668e-02
-6.049057468771934509e-02 3.702351078391075134e-02 -7.206013053655624390e-02
3.402128815650939941e-02 5.444862321019172668e-02 -3.825303167104721069e-02
-2.966034412384033203e-02 -6.077736243605613708e-02 -4.118575528264045715e-02
8.313887752592563629e-03 6.453912705183029175e-02 3.729435428977012634e-02
1.338312518782913685e-03 2.135047689080238342e-02 7.390937954187393188e-02
6.901247054338455200e-02 6.551831215620040894e-02 -7.006458938121795654e-02
5.771441012620925903e-02 -9.145848453044891357e-02 -5.368606373667716980e-02
-8.552073687314987183e-02 3.328318940475583076e-03 3.647774457931518555e-02
-8.850734680891036987e-02 5.075996369123458862e-02 -2.697046659886837006e-02
-4.914069175720214844e-02 1.000477132038213313e-04 -8.341262117028236389e-03
-6.375143676996231079e-02 3.796366602182388306e-02 -1.321504358202219009e-02
-6.328559666872024536e-02 -8.149978518486022949e-02 -1.123453606851398945e-03
-4.585117101669311523e-02 1.700106263160705566e-02 -1.482206024229526520e-02
-2.329368516802787781e-02 6.933505833148956299e-02 1.719385944306850433e-02
-8.363953977823257446e-02 2.748187445104122162e-02 6.583058834075927734e-02
-2.564642950892448425e-02 1.506261993199586868e-02 -2.655246108770370483e-02
6.347225606441497803e-02 5.198905244469642639e-02 -8.407962322235107422e-02
-1.061512343585491180e-02 -1.003070734441280365e-02 -5.374472215771675110e-02
6.223857402801513672e-02 1.027881447225809097e-02 5.151065066456794739e-03
-3.509630635380744934e-02 -1.354589592665433884e-02 -4.536595940589904785e-02
-9.106123819947242737e-03 -2.079869434237480164e-02 4.331552982330322266e-02
-6.292097270488739014e-02 5.825838819146156311e-02 -7.389764068648219109e-04
-5.985607206821441650e-02 -6.459992378950119019e-02 5.621123313903808594e-02
-1.625273562967777252e-02 2.104697935283184052e-02 -7.412941753864288330e-02
-2.117926441133022308e-02 -1.342075318098068237e-02 -7.036874443292617798e-02
2.330227382481098175e-02 -5.568953976035118103e-02 -4.227047041058540344e-02
1.720218546688556671e-02 3.808452561497688293e-02 4.970596358180046082e-02
7.545530050992965698e-02 -5.719343572854995728e-02 -3.833465278148651123e-02
-6.474668532609939575e-02 3.059266507625579834e-02 6.589465588331222534e-02
-3.079604730010032654e-02 -6.647758185863494873e-02 -5.906898155808448792e-02
-8.049225062131881714e-02 5.446968600153923035e-02 -1.730792969465255737e-02
4.057655110955238342e-02 2.147077955305576324e-02 7.502467930316925049e-02
7.808333635330200195e-02 -8.321326225996017456e-03 -9.587649255990982056e-04
1.510428823530673981e-02 -1.490260008722543716e-02 4.711773246526718140e-02
4.863753169775009155e-02 7.969363033771514893e-02 1.720080152153968811e-02
7.837069779634475708e-02 4.223534092307090759e-02 -6.099878251552581787e-02
-3.309022635221481323e-02 7.639432698488235474e-02 -3.767088428139686584e-02
-3.343793377280235291e-02 4.260264337062835693e-02 5.480666086077690125e-02
1.269883848726749420e-02 1.949172280728816986e-02 1.216691103763878345e-03
4.993395879864692688e-02 -5.352787673473358154e-02 -1.927069015800952911e-02
7.075238972902297974e-02 1.796016097068786621e-02 1.798183098435401917e-02
1.209676451981067657e-02 2.408632077276706696e-02 -8.156967908143997192e-02
-8.421865105628967285e-02 -9.225501120090484619e-02 4.368625581264495850e-02
2.508544176816940308e-02 -5.952344834804534912e-02 -5.217247456312179565e-02
-2.590365335345268250e-02 -7.126428186893463135e-03 -1.111194025725126266e-02
-5.037595331668853760e-02 -1.231118338182568550e-03 5.125467106699943542e-02
1.949572749435901642e-02 5.493449047207832336e-02 -2.824755012989044189e-02
-3.390754759311676025e-02 -3.334983438253402710e-02 -8.871171623468399048e-02
-8.115947246551513672e-02 -8.431854844093322754e-02 -2.736564539372920990e-02
2.580776065587997437e-02 -6.161487847566604614e-02 -7.928623259067535400e-02
4.262105748057365417e-02 -4.200881347060203552e-02 6.789719313383102417e-02
3.576733544468879700e-02 -1.980320177972316742e-02 3.473667427897453308e-02
-7.454638928174972534e-02 8.217532932758331299e-02 4.072381928563117981e-02
-7.279544323682785034e-02 4.814597964286804199e-02 1.426362525671720505e-02
6.682659965008497238e-03 -5.981075391173362732e-02 -7.754747057333588600e-04
-4.856200888752937317e-02 -3.090008720755577087e-02 8.513368666172027588e-02
-5.044963210821151733e-03 5.897419527173042297e-02 -3.260358050465583801e-02
-2.610947191715240479e-02 5.505589023232460022e-02 -8.213888108730316162e-02
-4.571112617850303650e-02 3.359767049551010132e-02 4.097318742424249649e-03
1.999667473137378693e-02 3.807491809129714966e-02 -7.195020467042922974e-02
-3.075936436653137207e-02 2.173697017133235931e-02 -2.640712447464466095e-02
4.424377158284187317e-02 8.398759178817272186e-03 8.120603859424591064e-02
-7.353701442480087280e-02 -5.539182201027870178e-02 2.414824627339839935e-02
5.577603727579116821e-02 -1.472547650337219238e-02 -2.416189759969711304e-02
6.814645975828170776e-02 3.637325426097959280e-04 -1.854605413973331451e-02
-3.564364043995738029e-03 5.552321672439575195e-02 5.723990499973297119e-02
3.211732953786849976e-02 5.116018280386924744e-02 -1.410061027854681015e-02
-5.108030512928962708e-02 3.259759768843650818e-02 -3.808147087693214417e-02
1.770887756720185280e-03 -5.581938475370407104e-02 4.754185304045677185e-02
5.790554732084274292e-02 1.493773330003023148e-02 -7.785733044147491455e-02
3.692778944969177246e-02 3.637093678116798401e-02 -1.072029676288366318e-02
-9.062771685421466827e-03 2.402072772383689880e-03 4.654085729271173477e-03
-4.080855846405029297e-02 -5.126423388719558716e-02 1.208637095987796783e-02
-6.888928357511758804e-03 -5.542717408388853073e-03 7.509116083383560181e-03
-7.167804986238479614e-02 6.752490065991878510e-03 7.323624938726425171e-02
5.506524071097373962e-02 2.924968861043453217e-02 5.514391884207725525e-02
3.160616382956504822e-02 -9.400305338203907013e-03 -6.144547462463378906e-02
-2.465992607176303864e-02 -4.435060173273086548e-02 1.959837228059768677e-02
5.475142225623130798e-02 -2.930732816457748413e-02 -5.471603572368621826e-02
-3.747115377336740494e-03 -5.505906417965888977e-02 -3.665608912706375122e-02
-2.804496698081493378e-02 -1.099873799830675125e-02 6.996590644121170044e-02
4.654871765524148941e-03 -6.221786141395568848e-02 4.675070568919181824e-02
-2.789916470646858215e-02 -2.804876863956451416e-02 -5.194471031427383423e-02
3.849153593182563782e-02 -4.295387119054794312e-02 -4.196280613541603088e-02
5.530171841382980347e-02 7.528345286846160889e-02 -6.165606901049613953e-02
4.672862589359283447e-02 -6.245122849941253662e-02 4.782738536596298218e-02
4.852718487381935120e-02 2.016218006610870361e-02 5.040928721427917480e-02
3.435661271214485168e-02 4.300734400749206543e-02 -6.318780034780502319e-02
5.220033600926399231e-02 -3.192135132849216461e-03 7.398746162652969360e-02
6.983606517314910889e-02 -3.030005283653736115e-02 -2.202067151665687561e-02
-8.077953942120075226e-03 2.594899386167526245e-03 -4.790052771568298340e-02
1.223072689026594162e-02 2.186589874327182770e-02 2.529274858534336090e-02
3.401439264416694641e-02 -2.485539577901363373e-02 5.545342713594436646e-02
-5.047103017568588257e-02 -8.233824372291564941e-02 5.956830456852912903e-02
1.754799857735633850e-02 7.545004785060882568e-02 -2.265260368585586548e-02
-3.065496683120727539e-02 4.549390450119972229e-02 -6.952223926782608032e-02
-5.737935379147529602e-02 6.370925903320312500e-02 -2.116178721189498901e-02
2.537707425653934479e-02 6.199073046445846558e-02 4.616357013583183289e-02
1.404438819736242294e-02 -7.454133778810501099e-02 -4.137049242854118347e-02
6.653983145952224731e-02 8.733118884265422821e-03 -3.592239692807197571e-02
2.499758079648017883e-02 4.097681865096092224e-02 5.942705087363719940e-03
-1.194009371101856232e-02 -6.737302988767623901e-02 1.871992950327694416e-03
-4.282614216208457947e-03 3.611446544528007507e-02 7.143800705671310425e-02
-1.425114111043512821e-03 9.790037572383880615e-02 3.017925843596458435e-02
4.157113656401634216e-02 6.400238722562789917e-02 8.712220191955566406e-02
7.698389887809753418e-02 -2.584710158407688141e-02 1.357522420585155487e-02
3.811409324407577515e-02 5.140519887208938599e-02 -8.351834118366241455e-02
1.815054006874561310e-02 6.570601463317871094e-02 1.765072531998157501e-02
-3.136322274804115295e-02 -1.179238967597484589e-02 4.064147174358367920e-02
9.035395830869674683e-02 -2.510672062635421753e-02 -2.672237716615200043e-02
-3.400120139122009277e-02 -1.234755734913051128e-03 3.962413966655731201e-02
-6.286717951297760010e-02 -3.764717653393745422e-02 6.306544691324234009e-02
-1.014256197959184647e-02 4.318242147564888000e-02 -5.833759903907775879e-02
7.432157546281814575e-02 3.427654132246971130e-02 1.888718456029891968e-02
6.058719940483570099e-03 3.386237099766731262e-02 7.482838630676269531e-02
-6.700123101472854614e-02 -4.658198356628417969e-02 1.085698325186967850e-02
-3.189729526638984680e-02 1.679042167961597443e-02 2.416468970477581024e-02
-7.253737002611160278e-02 8.018513768911361694e-02 6.564542651176452637e-03
8.278176933526992798e-02 -2.472883462905883789e-02 -4.307121038436889648e-02
-9.122909046709537506e-03 8.400976657867431641e-02 -3.649408370256423950e-02
5.212486907839775085e-02 3.189757093787193298e-02 7.261928915977478027e-02
-1.146033592522144318e-02 7.150634657591581345e-03 2.080661430954933167e-02
-5.870090052485466003e-02 -5.049258843064308167e-02 -1.125298906117677689e-02
6.601113080978393555e-02 4.529466480016708374e-02 -4.930128902196884155e-02
-3.663220629096031189e-02 -5.903321318328380585e-03 4.167806729674339294e-02
-1.162511575967073441e-02 -5.204429104924201965e-02 -3.741945698857307434e-02
8.364396542310714722e-02 -7.772581279277801514e-02 -6.021800637245178223e-02
-4.306128248572349548e-02 7.979050278663635254e-02 -7.025977969169616699e-02
1.753562828525900841e-03 1.222197059541940689e-02 -5.299525801092386246e-04
8.594486862421035767e-02 7.673168927431106567e-02 -3.698549419641494751e-02
9.722733870148658752e-03 -3.655201569199562073e-02 4.254308715462684631e-02
-2.141189202666282654e-02 1.638837717473506927e-02 7.182973623275756836e-02
5.164584517478942871e-02 1.137657929211854935e-02 -3.731222450733184814e-02
2.064486779272556305e-02 -2.772920206189155579e-02 -5.692305043339729309e-02
3.156886249780654907e-02 -6.197870150208473206e-02 -4.203093051910400391e-02
-6.417860835790634155e-02 3.125754743814468384e-02 5.379479005932807922e-02
7.875516265630722046e-02 6.687272340059280396e-02 -2.167511358857154846e-02
6.058929115533828735e-02 -1.975272037088871002e-02 -6.015065684914588928e-02
-1.077345386147499084e-02 -5.949089303612709045e-03 -8.784448355436325073e-02
7.365267723798751831e-02 5.826927348971366882e-02 -5.735864490270614624e-02
2.592279762029647827e-02 -6.447479128837585449e-02 -9.754862636327743530e-03
-4.352351650595664978e-02 4.340763017535209656e-02 2.241427823901176453e-02
-9.075741469860076904e-02 5.797808244824409485e-02 3.940084576606750488e-02
-1.423624996095895767e-02 5.337712168693542480e-02 1.480150385759770870e-03
-1.400905847549438477e-02 -4.145516082644462585e-02 2.534080762416124344e-03
-3.523310646414756775e-02 2.562301419675350189e-02 6.598596274852752686e-02
6.511362642049789429e-02 2.314333105459809303e-03 -3.378047794103622437e-02
4.065052792429924011e-02 -5.519314482808113098e-02 -1.689400710165500641e-02
3.224970027804374695e-02 -7.158765196800231934e-02 -3.288583457469940186e-02
4.868566617369651794e-02 7.076442707329988480e-03 5.850931629538536072e-02
-7.594063133001327515e-02 6.577716022729873657e-02 -5.272668600082397461e-02
1.269420608878135681e-02 5.099103599786758423e-02 5.031412094831466675e-02
-3.300025686621665955e-02 -1.694092713296413422e-02 -5.002580955624580383e-02
-7.086757570505142212e-02 3.370621427893638611e-02 -5.343241617083549500e-02
2.535800822079181671e-02 -7.646322250366210938e-02 4.611582309007644653e-02
-7.796923816204071045e-02 3.184749931097030640e-02 3.145600855350494385e-02
1.302922517061233521e-02 -3.277764469385147095e-02 1.958318240940570831e-02
-5.093685165047645569e-02 -3.729246184229850769e-02 -1.061832439154386520e-02
-6.755276769399642944e-02 -5.517590045928955078e-02 5.529679730534553528e-02
-7.903473079204559326e-02 -2.346873469650745392e-02 -7.468119263648986816e-02
3.660934045910835266e-02 -4.740893095731735229e-02 4.856776911765336990e-03
-1.531377667561173439e-03 4.088676720857620239e-02 -6.806506216526031494e-02
-7.189240306615829468e-02 -2.609131857752799988e-02 4.970430582761764526e-02
-4.813017696142196655e-02 -3.618539869785308838e-02 -7.899162918329238892e-02
5.968778580427169800e-02 3.586090728640556335e-02 7.035910338163375854e-02
4.385136440396308899e-02 -7.654356211423873901e-02 1.300272298976778984e-03
-7.844109833240509033e-02 5.194037407636642456e-02 -4.819705337285995483e-02
7.228523492813110352e-02 1.686168275773525238e-02 -2.077870815992355347e-02
-5.496568605303764343e-02 6.200055778026580811e-02 7.590286433696746826e-02
2.468478120863437653e-02 -5.561144277453422546e-02 6.769058853387832642e-02
-7.718788087368011475e-02 4.308858513832092285e-02 -2.000574581325054169e-02
-1.766047812998294830e-02 6.023232266306877136e-02 -6.317270547151565552e-02
-2.830034866929054260e-02 -8.170986920595169067e-02 -2.798820659518241882e-02
-1.729784719645977020e-02 -1.338035613298416138e-02 7.955884933471679688e-02
4.879053682088851929e-02 -3.971847519278526306e-02 6.705365143716335297e-03
8.061777800321578979e-02 6.523795425891876221e-02 5.768971890211105347e-02
8.429813385009765625e-02 -4.385329317301511765e-03 8.206062018871307373e-02
5.437872558832168579e-02 4.360615089535713196e-02 -6.991495937108993530e-02
-5.675627849996089935e-03 -9.039232507348060608e-03 2.354721538722515106e-03
-7.374402135610580444e-02 4.632264375686645508e-02 4.776439443230628967e-02
-5.964033305644989014e-02 -8.019632846117019653e-02 1.613676548004150391e-02
-1.189308706670999527e-02 -7.927063852548599243e-02 1.134402398020029068e-02
6.728433072566986084e-02 -8.278175443410873413e-02 4.453326016664505005e-02
-8.915618062019348145e-03 1.845411770045757294e-02 -5.882877856492996216e-02
-4.783000797033309937e-02 6.666012853384017944e-02 5.760098248720169067e-02
7.712996751070022583e-02 -1.889058947563171387e-02 4.068178683519363403e-02
-1.208867132663726807e-02 2.261873520910739899e-02 6.147111207246780396e-02
2.860603481531143188e-02 3.304961323738098145e-02 -9.442665614187717438e-03
-2.726192818954586983e-03 2.369054779410362244e-02 3.148766234517097473e-02
3.629844263195991516e-02 -7.857418060302734375e-02 -6.816858798265457153e-02
-3.921393677592277527e-02 -2.190397307276725769e-02 -7.446119189262390137e-02
7.770522683858871460e-02 -8.182522654533386230e-02 -8.003910630941390991e-02
-7.756682485342025757e-02 1.480510458350181580e-02 -6.482740491628646851e-02
7.832238078117370605e-02 -5.502964183688163757e-02 8.823492377996444702e-02
7.746192067861557007e-02 5.007163807749748230e-02 -7.340116798877716064e-02
-5.551137775182723999e-02 6.432624906301498413e-02 1.737534813582897186e-02
-6.830007582902908325e-02 6.747664511203765869e-02 6.030137836933135986e-02
6.183072924613952637e-02 8.216367661952972412e-02 6.711867451667785645e-02
-7.668352872133255005e-02 -8.258649706840515137e-02 -6.357836723327636719e-02
-5.790010094642639160e-03 -9.170876443386077881e-02 -6.075708195567131042e-02
6.214983761310577393e-02 -6.782148778438568115e-02 6.379458308219909668e-02
-4.619602486491203308e-02 -2.019264362752437592e-02 2.954768016934394836e-02
5.553995072841644287e-02 -4.704475775361061096e-02 2.436104789376258850e-02
-6.622445583343505859e-02 -7.857156544923782349e-02 6.328469514846801758e-02
6.208610162138938904e-02 -3.739642351865768433e-02 6.425821781158447266e-02
-1.207254547625780106e-02 -5.418899655342102051e-02 -1.799699291586875916e-02
-7.786518335342407227e-02 2.405787445604801178e-02 -4.961837083101272583e-02
-4.529453814029693604e-02 -2.539633773267269135e-02 5.114275962114334106e-02
-5.549552664160728455e-02 3.985564410686492920e-02 6.525213271379470825e-02
6.211284920573234558e-02 -5.787669122219085693e-02 5.346960946917533875e-02
-2.773884870111942291e-02 -4.993087425827980042e-02 -2.272513508796691895e-02
-6.020174175500869751e-02 -6.847614049911499023e-02 -1.030617114156484604e-02
-1.523975003510713577e-02 3.602846292778849602e-03 1.986227184534072876e-02
-3.961141780018806458e-02 7.095038890838623047e-02 1.011806540191173553e-02
3.416203707456588745e-02 7.248117774724960327e-02 3.450168669223785400e-02
7.149158418178558350e-02 -2.911932021379470825e-02 8.711117506027221680e-02
2.372321207076311111e-03 -7.209264487028121948e-02 6.853453814983367920e-02
-4.942479543387889862e-03 -8.285026997327804565e-02 -1.401863154023885727e-02
6.958941370248794556e-02 -7.810752093791961670e-02 -5.490267276763916016e-02
-5.425466597080230713e-02 -5.362098291516304016e-02 -8.395453914999961853e-03
-3.551949560642242432e-02 6.797631829977035522e-02 -1.328722853213548660e-02
-5.246971547603607178e-02 7.663269340991973877e-02 -4.336091689765453339e-03
1.390015427023172379e-02 -7.225625962018966675e-02 -6.514243781566619873e-02
6.690427660942077637e-02 -7.303149998188018799e-02 4.642264917492866516e-02
-7.325325906276702881e-02 4.818638786673545837e-02 -4.042535275220870972e-02
-7.130058109760284424e-02 6.243799347430467606e-03 -8.282664418220520020e-02
-1.623117178678512573e-02 -1.177108939737081528e-02 2.981081604957580566e-02
-5.613480880856513977e-02 5.948436260223388672e-02 6.701741367578506470e-02
-6.799241900444030762e-02 5.710252001881599426e-02 6.864461302757263184e-02
-1.921709813177585602e-02 -4.739668592810630798e-02 8.270820230245590210e-02
4.670267924666404724e-03 -3.588468953967094421e-02 4.946518316864967346e-02
-4.218560084700584412e-02 7.222711294889450073e-02 -1.705557480454444885e-02
3.328190743923187256e-02 5.076846852898597717e-02 -4.446552693843841553e-02
6.753941625356674194e-02 5.620904266834259033e-02 -8.469738811254501343e-02
1.764293015003204346e-02 5.550687015056610107e-02 1.565108262002468109e-02
-2.384268306195735931e-02 4.234321787953376770e-02 -1.183220185339450836e-02
-1.669380068778991699e-02 -3.896339237689971924e-02 4.658498987555503845e-02
5.544875189661979675e-02 2.468881569802761078e-02 2.520624920725822449e-02
-4.621647670865058899e-02 6.449161469936370850e-02 3.273116424679756165e-02
2.327588573098182678e-02 -1.851803623139858246e-02 -5.482314527034759521e-02
-6.757941842079162598e-02 -6.006161123514175415e-02 -6.645614653825759888e-02
5.661231931298971176e-03 -1.353812403976917267e-02 5.780231952667236328e-02
5.433674901723861694e-02 2.239464782178401947e-02 2.076884731650352478e-02
2.246301434934139252e-02 5.425128713250160217e-02 -3.093107789754867554e-02
-2.190759638324379921e-03 -7.024499028921127319e-02 -1.070643775165081024e-02
3.370594233274459839e-02 -7.648998498916625977e-02 -5.989463627338409424e-02
7.188126444816589355e-02 -7.759019732475280762e-02 -4.913719370961189270e-02
6.035612523555755615e-02 3.604994341731071472e-02 -1.586827449500560760e-02
6.367798894643783569e-02 -5.769446119666099548e-02 -5.222181975841522217e-02
-4.934997856616973877e-02 6.141667068004608154e-02 -1.647601649165153503e-02
6.528841704130172729e-02 6.158035993576049805e-02 -1.997899636626243591e-02
1.771982759237289429e-02 4.990093410015106201e-02 2.869354188442230225e-02
6.534592062234878540e-02 2.942329458892345428e-02 -2.291300706565380096e-02
-7.383368909358978271e-02 -5.028153210878372192e-02 -5.305934697389602661e-02
-1.141624059528112411e-02 7.537661492824554443e-02 -6.329029798507690430e-02
-3.002233058214187622e-02 -8.763625472784042358e-02 -2.740221656858921051e-02
1.903253607451915741e-02 -4.297894611954689026e-02 3.900089859962463379e-02
-6.186787784099578857e-02 -8.841954916715621948e-02 6.958214938640594482e-02
-1.725514605641365051e-02 5.779626313596963882e-03 5.382941290736198425e-02
2.905964106321334839e-02 7.819952815771102905e-02 -3.881804645061492920e-02
-7.067693024873733521e-02 -6.892752647399902344e-02 -1.369014289230108261e-02
-1.007168367505073547e-02 -5.193787440657615662e-02 -7.833561301231384277e-02
-1.924973167479038239e-02 -6.697244942188262939e-02 4.567971825599670410e-02
-9.675351902842521667e-03 -1.282041892409324646e-02 6.808804720640182495e-02
-2.573844976723194122e-02 8.013208955526351929e-02 3.922378644347190857e-03
7.755117118358612061e-02 4.916897416114807129e-02 7.466839253902435303e-02
8.113608695566654205e-03 2.487370371818542480e-02 -2.556964568793773651e-02
-1.265166234225034714e-02 1.572547480463981628e-02 -5.810149386525154114e-02
2.741873636841773987e-02 -4.910162091255187988e-02 1.595546118915081024e-02
-3.997017070651054382e-02 -4.903237149119377136e-02 5.900002643465995789e-02
8.410099544562399387e-04 1.620634458959102631e-02 3.479746356606483459e-02
6.796792149543762207e-02 3.163477778434753418e-02 -4.376794025301933289e-02
-3.389280289411544800e-02 3.359501808881759644e-02 -1.450683921575546265e-02
3.996724262833595276e-03 -3.950348496437072754e-02 -3.114891238510608673e-02
6.171657145023345947e-02 -4.488522186875343323e-02 -5.049557238817214966e-02
1.066346559673547745e-02 2.207448706030845642e-02 -1.387077383697032928e-02
6.854296475648880005e-02 -2.392249740660190582e-02 -3.207048028707504272e-02
-4.172308743000030518e-02 6.540325284004211426e-02 -4.914180934429168701e-02
7.445468753576278687e-02 2.335632033646106720e-02 7.901740819215774536e-02
-5.389076191931962967e-03 -2.394605241715908051e-02 2.767831273376941681e-02
1.187381427735090256e-02 5.782147124409675598e-02 2.677059732377529144e-02
-1.708177290856838226e-02 -2.731086127460002899e-02 1.717277429997920990e-02
-3.971583675593137741e-03 -1.804137788712978363e-02 2.018602564930915833e-02
-4.570550099015235901e-02 -8.688841760158538818e-02 5.210847407579421997e-02
-1.868626475334167480e-02 1.751668564975261688e-02 -4.998280480504035950e-02
1.653344742953777313e-02 -8.591099083423614502e-02 -7.313642650842666626e-02
-5.275896936655044556e-02 -3.785422071814537048e-02 -5.470762774348258972e-02
-1.365945581346750259e-02 -6.859816610813140869e-03 1.939139515161514282e-02
-4.563394188880920410e-02 6.307301670312881470e-02 -6.553347408771514893e-02
-8.272809535264968872e-02 -1.300011854618787766e-02 4.323269706219434738e-03
-6.009402498602867126e-02 -7.127237319946289062e-02 -1.995854079723358154e-02
2.522116713225841522e-02 7.348685991019010544e-03 6.951949745416641235e-02
-5.938143283128738403e-02 -8.058255910873413086e-02 -3.504930436611175537e-02
-7.238965481519699097e-02 3.342144936323165894e-02 -5.293500423431396484e-02
-5.981583893299102783e-02 2.007469534873962402e-02 -9.289991855621337891e-02
6.949906796216964722e-02 -4.381376877427101135e-02 -7.691363990306854248e-02
-5.600670725107192993e-02 -6.196095794439315796e-02 -2.679280564188957214e-02
-8.102120831608772278e-03 -2.348551061004400253e-03 7.799610495567321777e-02
-8.217597752809524536e-02 -3.825483098626136780e-02 3.575154347345232964e-03
4.322858527302742004e-02 7.368844747543334961e-02 4.042881354689598083e-02
-7.173753529787063599e-02 -2.226855140179395676e-03 4.321720451116561890e-02
9.539112448692321777e-03 -3.553488105535507202e-02 -2.797115035355091095e-02
-2.514852024614810944e-02 7.891054451465606689e-02 -6.586654484272003174e-02
-5.430946871638298035e-02 -2.758551761507987976e-02 -4.250981379300355911e-03
6.456839293241500854e-02 7.850801199674606323e-02 3.911599516868591309e-02
-1.904058083891868591e-02 -2.751188725233078003e-02 2.991835400462150574e-02
