-7.947842031717300415e-02 -5.401987582445144653e-02 -1.213226690888404846e-01
5.519912764430046082e-02 -9.751038998365402222e-02 7.253392040729522705e-02
8.205559104681015015e-02 5.203216150403022766e-02 -3.523487597703933716e-03
-6.685628741979598999e-02 3.551393002271652222e-02 1.047933921217918396e-01
-3.318919613957405090e-02 -4.451117943972349167e-03 8.874817751348018646e-03
-6.334148347377777100e-02 -9.342468529939651489e-02 8.304899185895919800e-02
-5.944849550724029541e-02 9.675608575344085693e-02 -7.445918023586273193e-02
-7.911179214715957642e-02 1.133741885423660278e-01 3.205749019980430603e-02
-8.218869566917419434e-02 -8.970831986516714096e-04 -7.654218375682830811e-02
8.065839856863021851e-02 7.306729257106781006e-02 8.589050173759460449e-02
6.996385008096694946e-02 -4.266449809074401855e-02 3.304695477709174156e-03
-9.876470267772674561e-02 -8.215535432100296021e-02 8.542486280202865601e-02
-1.082425341010093689e-01 2.712651155889034271e-02 -4.654115065932273865e-02
5.350537225604057312e-02 5.325650423765182495e-02 5.976374819874763489e-02
7.140675932168960571e-02 -1.635487191379070282e-02 -2.540091797709465027e-02
5.451086163520812988e-02 4.970369488000869751e-02 -1.185201480984687805e-02
9.353488683700561523e-02 -7.692298293113708496e-02 -4.368291050195693970e-02
2.323593012988567352e-02 4.221875593066215515e-02 -7.136034220457077026e-02
5.106399953365325928e-02 -1.300048665143549442e-03 1.878503151237964630e-02
-1.065335199236869812e-01 8.875238150358200073e-02 -1.146967485547065735e-01
-8.722917735576629639e-02 4.077002033591270447e-02 -8.829765021800994873e-02
3.963246475905179977e-03 2.238536067306995392e-02 -1.155002973973751068e-02
-1.181487888097763062e-01 -2.988705039024353027e-02 3.297229856252670288e-02
-1.163627654314041138e-01 -1.251450628042221069e-01 -1.021100208163261414e-01
-3.832888603210449219e-02 -7.022748887538909912e-02 -4.465313255786895752e-02
3.613499458879232407e-03 3.071255795657634735e-02 -6.517963856458663940e-02
-7.388205081224441528e-02 -6.835194677114486694e-02 1.136695444583892822e-01
-8.438095450401306152e-02 -1.098972484469413757e-01 -2.947243861854076385e-02
-8.153642714023590088e-02 6.180078536272048950e-02 1.030804216861724854e-01
4.297357052564620972e-02 4.800650849938392639e-02 4.296186566352844238e-02
-1.185447499155998230e-01 -9.627026319503784180e-02 -2.387048490345478058e-02
7.314733415842056274e-02 1.071293950080871582e-01 -4.552549682557582855e-03
-7.618567906320095062e-03 1.673002913594245911e-02 8.643251657485961914e-02
-6.089970469474792480e-02 -4.261862486600875854e-02 5.135057121515274048e-02
6.951186805963516235e-02 2.676941454410552979e-02 -7.482820749282836914e-02
-2.066713199019432068e-02 8.084178715944290161e-02 7.327932864427566528e-02
-2.097994321957230568e-03 -5.667557939887046814e-02 -3.289695084095001221e-02
4.651951789855957031e-02 3.473833948373794556e-02 1.729940623044967651e-02
1.087087690830230713e-01 8.592332154512405396e-02 1.125319376587867737e-01
7.924998551607131958e-02 -1.209598705172538757e-01 1.486563496291637421e-02
-1.274759136140346527e-02 -7.375236600637435913e-02 7.617607712745666504e-02
-8.875154703855514526e-02 -8.934511244297027588e-02 3.911579772830009460e-02
1.120389550924301147e-01 6.320396810770034790e-02 2.773377858102321625e-02
6.457854807376861572e-02 1.080744415521621704e-01 -1.167625561356544495e-01
8.226854354143142700e-02 -5.474555492401123047e-02 2.549799904227256775e-02
-9.957159310579299927e-02 -6.194973364472389221e-02 7.001039385795593262e-02
1.727728545665740967e-02 4.453963413834571838e-02 1.130039542913436890e-01
-5.789240822196006775e-02 -1.137381568551063538e-01 7.388440519571304321e-02
-1.169831380248069763e-01 -8.463337272405624390e-02 8.069365471601486206e-02
-7.359143346548080444e-02 6.405613571405410767e-02 -2.727183699607849121e-02
-1.323139294981956482e-02 3.950359299778938293e-02 -8.903677761554718018e-02
9.371627867221832275e-02 7.077474892139434814e-02 -7.661900669336318970e-02
7.373530417680740356e-02 9.556574374437332153e-02 8.248901367187500000e-02
8.729933202266693115e-02 -3.577204421162605286e-02 5.947172641754150391e-03
-5.476590618491172791e-02 -3.625303134322166443e-02 3.054512850940227509e-02
1.280592381954193115e-01 -7.737792283296585083e-02 3.840645775198936462e-02
-7.308981567621231079e-02 1.255834102630615234e-01 9.443428367376327515e-02
3.823851794004440308e-02 -9.971717000007629395e-02 -5.346595123410224915e-02
1.006385013461112976e-01 4.025360941886901855e-02 -1.133236512541770935e-01
-7.147737592458724976e-02 3.783147409558296204e-02 -3.099049255251884460e-02
-4.406658560037612915e-02 1.027437970042228699e-01 1.364857144653797150e-02
6.225556135177612305e-02 4.680747538805007935e-02 2.908302843570709229e-02
-4.384751617908477783e-02 -1.767110265791416168e-02 8.123723417520523071e-02
-9.774497896432876587e-02 -2.244749292731285095e-02 3.236226737499237061e-02
5.254193767905235291e-02 7.383883744478225708e-02 7.251428440213203430e-03
-6.711046397686004639e-02 2.821948437485843897e-04 -1.147879287600517273e-01
-1.099654138088226318e-01 -7.439149171113967896e-02 -1.665308512747287750e-02
-1.035272702574729919e-01 3.548685461282730103e-02 -9.787373989820480347e-02
8.594720065593719482e-02 -6.886035948991775513e-02 4.906630143523216248e-02
-1.362412516027688980e-02 -8.519927412271499634e-02 1.074232459068298340e-01
1.209235787391662598e-01 9.879292920231819153e-03 -1.013983786106109619e-01
7.867463678121566772e-02 2.956833504140377045e-02 -1.034916490316390991e-01
-2.886520139873027802e-02 4.232599399983882904e-03 -6.350634992122650146e-02
-4.875771701335906982e-02 1.475597545504570007e-02 1.000697091221809387e-01
-1.674802787601947784e-02 9.007029980421066284e-02 1.088576391339302063e-01
1.001355424523353577e-01 7.980532944202423096e-02 -4.282797127962112427e-02
5.819451808929443359e-02 -8.884157240390777588e-02 7.249697297811508179e-02
-4.452904220670461655e-03 3.863048925995826721e-02 -1.013574674725532532e-01
-1.189158111810684204e-01 5.375641956925392151e-02 -1.637249067425727844e-02
-6.342578679323196411e-02 1.013829112052917480e-01 -4.972909390926361084e-02
-6.154593452811241150e-02 7.619126141071319580e-02 6.268618255853652954e-02
-6.056476011872291565e-02 -1.309219896793365479e-01 -1.333258152008056641e-01
4.621805995702743530e-02 -7.065568864345550537e-02 -4.727520421147346497e-02
-1.258135028183460236e-02 4.055736120790243149e-03 -8.144559711217880249e-02
7.391700148582458496e-02 -7.102110888808965683e-03 -7.674648612737655640e-02
1.354229170829057693e-02 9.091559052467346191e-02 7.959983497858047485e-02
1.799206435680389404e-02 -3.633907437324523926e-02 -8.276305347681045532e-02
6.681850552558898926e-02 8.327549695968627930e-02 6.896279007196426392e-02
1.516342908143997192e-02 3.925401717424392700e-02 -1.128638759255409241e-01
-1.359108835458755493e-02 2.303362637758255005e-02 -1.153479563072323799e-03
-3.922949358820915222e-02 4.081880673766136169e-02 2.908840030431747437e-02
-6.346404552459716797e-02 5.975109990686178207e-03 5.828917026519775391e-02
1.120095252990722656e-01 2.562095783650875092e-02 3.986874222755432129e-02
2.659548632800579071e-02 1.673625432886183262e-03 9.436260163784027100e-02
-8.361406624317169189e-03 5.870999023318290710e-02 -6.629925966262817383e-02
1.023724973201751709e-01 -6.783173978328704834e-02 1.268260274082422256e-02
7.296160329133272171e-03 -2.412932366132736206e-02 2.678009867668151855e-02
1.422658003866672516e-02 -9.560342878103256226e-02 1.060844864696264267e-02
-1.325599197298288345e-02 4.931467771530151367e-02 6.594469398260116577e-02
-1.617671456187963486e-03 -2.310076542198657990e-02 -1.062026098370552063e-01
9.667337685823440552e-02 3.934447187930345535e-03 1.764119789004325867e-02
7.305637747049331665e-02 -1.816264353692531586e-02 -2.724570222198963165e-02
-1.308018267154693604e-01 -8.290214091539382935e-02 -1.166198775172233582e-01
-8.499919623136520386e-02 1.502713374793529510e-02 -1.311616897583007812e-01
5.536084622144699097e-02 -1.110305935144424438e-01 -1.147680729627609253e-01
8.697560429573059082e-02 -1.049806475639343262e-01 8.498989790678024292e-02
-1.091029047966003418e-01 -9.794268012046813965e-02 7.556466013193130493e-02
-1.103877127170562744e-01 5.743642151355743408e-02 2.158742956817150116e-02
8.005054295063018799e-02 -7.895092666149139404e-02 -2.998159267008304596e-02
3.877504169940948486e-02 -4.382117092609405518e-02 -8.599686622619628906e-02
-8.521224558353424072e-02 -8.818890899419784546e-02 -1.174430549144744873e-02
-3.388098254799842834e-02 -6.354687362909317017e-02 -9.534737467765808105e-02
-8.179588615894317627e-02 5.356300249695777893e-02 7.232496887445449829e-02
2.890937775373458862e-02 7.983119040727615356e-02 7.039915025234222412e-02
1.089291423559188843e-01 2.673685364425182343e-02 -6.530728191137313843e-02
7.720164954662322998e-02 -8.151439577341079712e-02 -2.630600146949291229e-02
-5.043469741940498352e-02 1.184307690709829330e-02 1.255749911069869995e-01
1.122181639075279236e-01 2.328027226030826569e-02 -1.500415150076150894e-02
-4.677269235253334045e-02 -8.091691881418228149e-02 -8.445314317941665649e-02
7.747258245944976807e-02 4.691005125641822815e-02 -6.907504796981811523e-02
8.209809660911560059e-02 -5.961510911583900452e-02 6.498897820711135864e-02
-6.915513426065444946e-02 7.764007896184921265e-02 -1.146948039531707764e-01
1.471737981773912907e-03 4.673030599951744080e-02 1.072707697749137878e-01
9.365160763263702393e-02 7.565031200647354126e-02 1.096877679228782654e-01
5.655876547098159790e-02 6.926952302455902100e-02 8.489985764026641846e-02
5.102853849530220032e-02 -5.482845753431320190e-02 -6.741248071193695068e-02
-2.293251082301139832e-02 -9.315150231122970581e-02 9.636328369379043579e-02
-1.158699616789817810e-01 -2.336067520081996918e-02 -4.067808855324983597e-03
2.263083495199680328e-02 -8.469045907258987427e-02 -7.708653807640075684e-02
8.974625170230865479e-02 2.225060248747467995e-03 2.296678349375724792e-02
-9.109750390052795410e-02 -1.369472220540046692e-02 3.007178939878940582e-02
5.783744901418685913e-02 4.740750417113304138e-02 8.603592216968536377e-02
-1.039212197065353394e-01 -3.332006186246871948e-02 5.052432417869567871e-02
-7.653199136257171631e-02 -5.786576122045516968e-02 8.743205666542053223e-02
-2.746423706412315369e-02 -3.720509260892868042e-02 1.009401828050613403e-01
3.437288478016853333e-02 -9.730486571788787842e-02 2.308346331119537354e-02
1.116723753511905670e-02 7.700519263744354248e-02 -1.113800629973411560e-01
1.939838752150535583e-02 7.272898219525814056e-03 4.099646955728530884e-02
-7.727703452110290527e-02 -2.172736264765262604e-02 5.806203559041023254e-02
-4.571965336799621582e-02 7.431425899267196655e-02 -8.686678111553192139e-02
3.931977227330207825e-02 -3.583495691418647766e-02 -1.106629073619842529e-01
2.744425646960735321e-02 -1.044583842158317566e-01 -9.603273868560791016e-02
-3.774081915616989136e-02 1.140015497803688049e-01 -4.815257713198661804e-02
4.295716062188148499e-02 -3.529895842075347900e-02 -1.003612391650676727e-02
4.110845178365707397e-02 7.903081178665161133e-02 -4.400395229458808899e-02
-5.999525263905525208e-02 7.408265769481658936e-02 -3.212439268827438354e-02
-1.502939406782388687e-02 7.125062867999076843e-03 4.107905924320220947e-02
-2.030550735071301460e-03 6.893921643495559692e-02 -1.148806810379028320e-01
5.740250647068023682e-02 -3.580142278224229813e-03 3.180741891264915466e-02
-7.018011063337326050e-02 4.080335423350334167e-02 7.137371599674224854e-02
-9.555979631841182709e-03 1.255131661891937256e-01 -2.398794516921043396e-02
1.911147870123386383e-02 -8.200083673000335693e-02 4.541905596852302551e-02
2.681096456944942474e-02 2.610818482935428619e-02 1.278394013643264771e-01
6.583919748663902283e-04 -8.588780649006366730e-03 -1.012899428606033325e-01
-5.763378459960222244e-03 -3.561315685510635376e-02 -1.117044910788536072e-01
-1.086086407303810120e-01 8.802660554647445679e-02 4.786288738250732422e-02
4.111556708812713623e-02 3.422269597649574280e-02 8.205385506153106689e-02
-7.880438119173049927e-02 9.475903213024139404e-02 6.845660507678985596e-02
1.804905943572521210e-02 -5.245756730437278748e-02 3.685498982667922974e-02
2.576443552970886230e-02 6.152122467756271362e-02 -7.493359595537185669e-02
-8.699337393045425415e-02 -3.311164304614067078e-02 8.868741989135742188e-02
3.511207178235054016e-02 2.692735567688941956e-02 4.580353945493698120e-02
-1.291053444147109985e-01 4.501191526651382446e-02 -7.393645495176315308e-02
-8.169223554432392120e-03 -7.396888732910156250e-02 -2.099699899554252625e-02
-6.756556034088134766e-02 1.067278999835252762e-02 -8.012693375349044800e-02
9.875332564115524292e-02 6.726279109716415405e-02 2.869231626391410828e-02
1.254270225763320923e-01 -2.453011088073253632e-02 1.219339892268180847e-01
1.183714494109153748e-01 -9.997968375682830811e-02 1.221316680312156677e-02
-7.689011096954345703e-02 3.097972460091114044e-02 -2.436340553686022758e-03
2.557124197483062744e-02 1.600708439946174622e-02 4.463774338364601135e-02
3.654344007372856140e-02 1.090629175305366516e-01 -3.334723785519599915e-02
-4.975154623389244080e-02 -4.351491853594779968e-02 -8.997906744480133057e-02
-8.863952755928039551e-02 -1.858315803110599518e-02 8.444894105195999146e-02
-5.749848112463951111e-02 -5.448166653513908386e-02 -9.870232641696929932e-02
1.128606423735618591e-01 2.847499214112758636e-03 -5.795098468661308289e-02
7.483088225126266479e-02 3.436020761728286743e-02 -7.801396399736404419e-02
-3.280095010995864868e-02 2.783216536045074463e-02 -3.032674826681613922e-02
4.638284072279930115e-02 -7.211364060640335083e-02 -1.906155422329902649e-02
7.943119108676910400e-02 2.212543599307537079e-02 4.609553888440132141e-02
-9.051011875271797180e-03 2.119751460850238800e-02 4.325550794601440430e-02
9.406818449497222900e-02 -1.137063950300216675e-01 -2.956460416316986084e-02
1.984988152980804443e-02 1.379116717725992203e-02 -1.057126522064208984e-01
2.677207253873348236e-02 -2.290366217494010925e-02 6.367911398410797119e-02
-6.546343117952346802e-02 5.528513342142105103e-02 -2.180343121290206909e-02
-1.104858145117759705e-01 4.676962271332740784e-02 -1.011794656515121460e-01
-2.750846184790134430e-02 -4.988076910376548767e-02 -1.795666664838790894e-02
3.712249547243118286e-02 3.335802257061004639e-02 1.726543530821800232e-02
9.044914506375789642e-03 -9.549634903669357300e-02 6.225292757153511047e-02
5.363158509135246277e-02 -3.139480948448181152e-02 -1.997915469110012054e-02
1.029557660222053528e-01 1.097969785332679749e-01 -3.476127237081527710e-02
-5.428988113999366760e-02 4.455672577023506165e-02 -2.623356413096189499e-03
8.462359756231307983e-02 7.238616049289703369e-02 -6.454017013311386108e-02
