9.999946951866149902e-01
9.999988079071044922e-01
9.999971389770507812e-01
9.999983310699462891e-01
1.000000476837158203e+00
9.999980926513671875e-01
9.999968409538269043e-01
1.000000119209289551e+00
9.999992847442626953e-01
9.999962449073791504e-01
9.999984502792358398e-01
1.000000000000000000e+00
1.000000000000000000e+00
9.999963045120239258e-01
9.999964833259582520e-01
9.999961256980895996e-01
9.999969005584716797e-01
9.999973773956298828e-01
9.999990463256835938e-01
1.000000238418579102e+00
9.999977350234985352e-01
9.999963045120239258e-01
9.999969005584716797e-01
1.000000596046447754e+00
1.000000000000000000e+00
9.999983906745910645e-01
9.999959468841552734e-01
9.999984502792358398e-01
9.999974966049194336e-01
9.999959468841552734e-01
9.999952912330627441e-01
9.999968409538269043e-01
9.999985098838806152e-01
9.999999403953552246e-01
9.999983906745910645e-01
9.999971389770507812e-01
9.999987483024597168e-01
9.999990463256835938e-01
9.999992251396179199e-01
1.000000119209289551e+00
9.999990463256835938e-01
9.999969005584716797e-01
9.999987483024597168e-01
9.999984502792358398e-01
9.999990463256835938e-01
9.999963641166687012e-01
9.999961853027343750e-01
9.999969601631164551e-01
9.999985098838806152e-01
9.999983906745910645e-01
9.999983906745910645e-01
9.999984502792358398e-01
1.000000000000000000e+00
9.999970793724060059e-01
9.999977350234985352e-01
9.999993443489074707e-01
1.000000119209289551e+00
9.999997615814208984e-01
1.000000119209289551e+00
9.999966621398925781e-01
9.999938011169433594e-01
9.999978542327880859e-01
1.000001311302185059e+00
1.000000596046447754e+00
9.999976158142089844e-01
1.000000000000000000e+00
1.000000119209289551e+00
9.999958276748657227e-01
1.000001192092895508e+00
9.999983906745910645e-01
9.999995231628417969e-01
9.999999403953552246e-01
9.999982714653015137e-01
9.999989867210388184e-01
1.000000000000000000e+00
9.999967813491821289e-01
9.999946355819702148e-01
9.999977946281433105e-01
9.999988079071044922e-01
1.000000834465026855e+00
9.999983906745910645e-01
9.999995231628417969e-01
9.999981522560119629e-01
9.999984502792358398e-01
9.999999403953552246e-01
9.999985694885253906e-01
9.999950528144836426e-01
9.999982714653015137e-01
9.999935626983642578e-01
9.999992847442626953e-01
9.999975562095642090e-01
9.999991655349731445e-01
1.000000238418579102e+00
9.999964237213134766e-01
9.999996423721313477e-01
9.999973773956298828e-01
9.999970793724060059e-01
9.999977350234985352e-01
1.000000119209289551e+00
9.999961853027343750e-01
1.000000357627868652e+00
9.999980926513671875e-01
9.999961256980895996e-01
9.999983310699462891e-01
9.999963641166687012e-01
1.000000119209289551e+00
9.999986886978149414e-01
9.999994039535522461e-01
9.999994635581970215e-01
9.999963641166687012e-01
9.999989867210388184e-01
9.999941587448120117e-01
9.999972581863403320e-01
9.999965429306030273e-01
9.999938011169433594e-01
9.999998807907104492e-01
9.999952912330627441e-01
9.999982118606567383e-01
9.999973773956298828e-01
1.000000000000000000e+00
9.999955892562866211e-01
9.999998211860656738e-01
1.000000000000000000e+00
9.999980926513671875e-01
9.999974966049194336e-01
9.999950528144836426e-01
9.999977350234985352e-01
1.000000834465026855e+00
