9.999966025352478027e-01
1.000000357627868652e+00
9.999964833259582520e-01
9.999978542327880859e-01
9.999983906745910645e-01
9.999986290931701660e-01
9.999961853027343750e-01
9.999977946281433105e-01
9.999969005584716797e-01
9.999932646751403809e-01
1.000000000000000000e+00
9.999997615814208984e-01
9.999973177909851074e-01
9.999987483024597168e-01
1.000000953674316406e+00
9.999966025352478027e-01
9.999976754188537598e-01
9.999954104423522949e-01
9.999964833259582520e-01
9.999957680702209473e-01
9.999991655349731445e-01
9.999997615814208984e-01
9.999974966049194336e-01
1.000000476837158203e+00
9.999966025352478027e-01
9.999954104423522949e-01
9.999989867210388184e-01
9.999980330467224121e-01
9.999988079071044922e-01
9.999987483024597168e-01
9.999956488609313965e-01
9.999965429306030273e-01
9.999989867210388184e-01
9.999981522560119629e-01
9.999976158142089844e-01
9.999999403953552246e-01
9.999983906745910645e-01
9.999961853027343750e-01
9.999979734420776367e-01
1.000000357627868652e+00
9.999970197677612305e-01
9.999963641166687012e-01
9.999932050704956055e-01
9.999982118606567383e-01
1.000000238418579102e+00
9.999973773956298828e-01
9.999974370002746582e-01
9.999995827674865723e-01
9.999983906745910645e-01
1.000000953674316406e+00
1.000000119209289551e+00
1.000000238418579102e+00
1.000000476837158203e+00
1.000000238418579102e+00
9.999981522560119629e-01
9.999961853027343750e-01
9.999971985816955566e-01
9.999953508377075195e-01
9.999991655349731445e-01
1.000000119209289551e+00
9.999983906745910645e-01
9.999974370002746582e-01
9.999986290931701660e-01
9.999982118606567383e-01
9.999979734420776367e-01
9.999985694885253906e-01
9.999970197677612305e-01
1.000000834465026855e+00
9.999988675117492676e-01
9.999969601631164551e-01
9.999991059303283691e-01
9.999970793724060059e-01
1.000000357627868652e+00
9.999971389770507812e-01
9.999984502792358398e-01
1.000000119209289551e+00
9.999972581863403320e-01
9.999977946281433105e-01
9.999985098838806152e-01
9.999991059303283691e-01
9.999977946281433105e-01
9.999989271163940430e-01
9.999971985816955566e-01
9.999981522560119629e-01
9.999948143959045410e-01
9.999985098838806152e-01
9.999972581863403320e-01
9.999980926513671875e-01
9.999964833259582520e-01
1.000001788139343262e+00
1.000000357627868652e+00
9.999996423721313477e-01
9.999986886978149414e-01
9.999960660934448242e-01
9.999974370002746582e-01
9.999998807907104492e-01
9.999969601631164551e-01
9.999964237213134766e-01
1.000000476837158203e+00
9.999985098838806152e-01
9.999956488609313965e-01
1.000000238418579102e+00
9.999989867210388184e-01
9.999954104423522949e-01
9.999979138374328613e-01
9.999977350234985352e-01
9.999976754188537598e-01
9.999973177909851074e-01
9.999991655349731445e-01
9.999988675117492676e-01
9.999982714653015137e-01
9.999990463256835938e-01
9.999966621398925781e-01
9.999960064888000488e-01
9.999988079071044922e-01
9.999986290931701660e-01
9.999961256980895996e-01
9.999966621398925781e-01
9.999970793724060059e-01
9.999979138374328613e-01
9.999996423721313477e-01
9.999997615814208984e-01
9.999983310699462891e-01
9.999991059303283691e-01
9.999983906745910645e-01
9.999978542327880859e-01
9.999948740005493164e-01
9.999976754188537598e-01
