-2.074345760047435760e-02 1.091784983873367310e-01 6.847110390663146973e-02
1.199054066091775894e-03 2.525399625301361084e-02 -1.194033585488796234e-02
-6.071653962135314941e-02 2.244675345718860626e-02 -2.947671711444854736e-02
-4.680304601788520813e-02 5.052274465560913086e-02 -2.099527977406978607e-02
-1.152014359831809998e-01 4.752423614263534546e-02 8.895227313041687012e-02
9.441445022821426392e-02 8.231629617512226105e-03 1.022517308592796326e-01
-2.994070760905742645e-02 1.119677796959877014e-01 -7.013594359159469604e-02
7.268419116735458374e-02 -3.652350977063179016e-02 1.045618057250976562e-01
-6.045686081051826477e-03 1.032397523522377014e-01 9.428981691598892212e-03
5.911557003855705261e-02 -2.650021947920322418e-02 -4.024472832679748535e-02
2.504960820078849792e-02 -1.300589926540851593e-02 5.325040780007839203e-03
8.626163005828857422e-02 -6.526743620634078979e-02 4.719277378171682358e-03
3.541485220193862915e-02 7.716523855924606323e-02 9.527277946472167969e-02
-9.340792894363403320e-02 -3.258195146918296814e-02 2.206587418913841248e-02
7.655487209558486938e-02 -1.456484571099281311e-02 -1.135309636592864990e-01
2.483901195228099823e-02 -6.625404208898544312e-02 5.574818234890699387e-03
5.711955484002828598e-03 -9.688987582921981812e-02 6.489019840955734253e-02
-5.684763193130493164e-02 -1.029426082968711853e-01 -1.141164898872375488e-01
8.622536063194274902e-02 6.441809982061386108e-02 6.938023120164871216e-02
-3.775447607040405273e-02 6.692251563072204590e-02 1.564802974462509155e-02
1.085726097226142883e-01 -9.670288860797882080e-02 4.023663327097892761e-02
-5.501678958535194397e-02 -3.730454295873641968e-02 9.296393394470214844e-02
-1.341577246785163879e-02 -9.687854349613189697e-02 3.083220124244689941e-02
3.622540459036827087e-02 -9.621261805295944214e-02 8.824703097343444824e-02
-5.873557552695274353e-02 -3.745647892355918884e-02 -1.842357404530048370e-02
-1.048591360449790955e-01 1.022173464298248291e-01 -4.932040721178054810e-02
-3.516573458909988403e-02 1.460770331323146820e-02 -8.464834839105606079e-02
-6.082199141383171082e-02 -4.263900965452194214e-02 -1.404959987848997116e-02
-5.350434035062789917e-02 9.480236098170280457e-03 -5.119201913475990295e-02
2.219964377582073212e-02 5.952280014753341675e-02 1.291800476610660553e-02
1.141986101865768433e-01 9.417911618947982788e-02 -4.641425237059593201e-02
-4.852440953254699707e-02 -8.141513913869857788e-02 7.940313220024108887e-02
-8.515914529561996460e-02 9.495618939399719238e-02 2.939998917281627655e-02
3.166047856211662292e-02 -2.344566024839878082e-02 9.663981199264526367e-02
-8.066545426845550537e-02 1.864271052181720734e-02 -7.920344173908233643e-02
-2.513002790510654449e-02 -2.910595014691352844e-02 -5.944985896348953247e-02
9.640308469533920288e-02 1.093355640769004822e-01 -2.461351640522480011e-02
-1.067268773913383484e-01 -3.472353518009185791e-02 7.075116038322448730e-02
-1.419187709689140320e-02 1.164865791797637939e-01 -2.430375851690769196e-02
-8.337196707725524902e-02 5.837276205420494080e-02 1.545035094022750854e-02
-8.894295990467071533e-02 -3.512374684214591980e-02 8.083471655845642090e-02
-8.758863806724548340e-02 -8.604273200035095215e-02 -4.592101648449897766e-02
-4.228610917925834656e-02 -5.310859158635139465e-02 -9.555131942033767700e-02
3.508218377828598022e-02 7.486363500356674194e-02 -2.823139540851116180e-03
1.226919237524271011e-02 2.054650569334626198e-03 -5.011605843901634216e-02
9.026939421892166138e-02 5.869943276047706604e-02 4.001305997371673584e-02
-9.510523825883865356e-02 -2.842175774276256561e-03 -1.395029854029417038e-02
-3.466794267296791077e-02 6.427830085158348083e-03 -2.428013272583484650e-02
-1.132495254278182983e-01 5.212594196200370789e-02 -8.753686398267745972e-02
-8.615028858184814453e-02 1.058005169034004211e-01 2.972627803683280945e-02
6.657380610704421997e-02 7.845213264226913452e-02 5.822228640317916870e-02
-9.461517632007598877e-02 -1.068649962544441223e-01 -9.607621282339096069e-02
9.693871438503265381e-02 1.580289192497730255e-02 -5.927658081054687500e-02
1.226299442350864410e-02 2.652925625443458557e-02 -4.269008710980415344e-02
-2.943749167025089264e-02 -8.365548402070999146e-02 5.255772173404693604e-02
4.129832610487937927e-02 7.692915946245193481e-02 1.086608618497848511e-01
-2.823268063366413116e-02 1.031506434082984924e-02 -9.158311784267425537e-02
-1.096429862082004547e-02 3.019266389310359955e-02 -6.372223049402236938e-02
-3.289760649204254150e-02 2.744644135236740112e-02 -6.449875980615615845e-02
-1.843460090458393097e-02 -2.210061065852642059e-02 -2.252925932407379150e-02
-2.305988408625125885e-02 1.817225292325019836e-02 1.950092986226081848e-02
-9.961933642625808716e-02 -1.079146414995193481e-01 8.260180056095123291e-02
3.994388878345489502e-02 -1.127489954233169556e-01 1.098858192563056946e-01
9.490926563739776611e-02 -7.092827558517456055e-02 8.855627477169036865e-02
-3.271295502781867981e-02 4.565233364701271057e-03 -3.822679072618484497e-02
7.985570281744003296e-02 3.603480011224746704e-02 2.498593367636203766e-02
1.136380955576896667e-01 9.124194085597991943e-02 -4.500538110733032227e-02
1.091170012950897217e-01 5.813748389482498169e-02 -1.111479625105857849e-01
-5.184883624315261841e-02 6.915389001369476318e-02 3.378989547491073608e-02
-1.812701858580112457e-02 -7.960809022188186646e-02 -7.423066347837448120e-02
-7.599769532680511475e-02 6.016543507575988770e-02 -8.906839787960052490e-02
-5.769859999418258667e-02 -9.856377542018890381e-02 -2.878827601671218872e-02
-7.755347341299057007e-02 8.309865370392799377e-03 -1.033897101879119873e-01
-1.135689169168472290e-01 6.975828856229782104e-02 7.227641344070434570e-02
-2.109241671860218048e-02 -8.563980460166931152e-02 -1.086004227399826050e-01
-1.132302507758140564e-01 -4.321709275245666504e-02 -3.078267909586429596e-02
3.581531718373298645e-02 4.903779178857803345e-02 -8.887035399675369263e-02
-5.131910741329193115e-02 1.151282563805580139e-01 -7.268221676349639893e-02
5.868091830052435398e-04 -6.922831386327743530e-02 -7.054331153631210327e-02
-9.232155233621597290e-02 -1.199251506477594376e-02 -5.312249436974525452e-02
-5.578140262514352798e-03 -1.173250004649162292e-01 4.846904054284095764e-02
-4.842542484402656555e-02 9.534122049808502197e-02 9.199807792901992798e-02
7.134867459535598755e-02 6.339525431394577026e-02 -8.885724097490310669e-02
8.358232676982879639e-02 4.910292476415634155e-02 -1.113763600587844849e-01
-2.755999006330966949e-02 9.198540821671485901e-03 3.441844135522842407e-02
4.322830121964216232e-03 3.159254044294357300e-02 -8.503197133541107178e-02
-2.137316204607486725e-02 -2.764991670846939087e-02 -1.561768166720867157e-02
9.795889258384704590e-02 -3.716960083693265915e-03 -1.163819059729576111e-01
6.902370601892471313e-02 2.650946564972400665e-02 9.342759847640991211e-02
9.385091066360473633e-02 -3.301220387220382690e-02 -1.146710142493247986e-01
3.209117799997329712e-02 5.597034841775894165e-02 2.957948483526706696e-03
5.169058218598365784e-02 2.952854521572589874e-02 8.381616324186325073e-02
2.018981985747814178e-02 7.874625921249389648e-02 7.154589146375656128e-02
5.199292302131652832e-02 1.056107282638549805e-01 1.147513017058372498e-01
-7.210596650838851929e-02 3.902275860309600830e-02 2.818797342479228973e-02
-6.854043900966644287e-02 1.035942360758781433e-01 -1.251256675459444523e-03
-8.373928070068359375e-02 4.330911487340927124e-02 -7.683134078979492188e-02
-8.020616136491298676e-03 -4.227774217724800110e-02 5.503672361373901367e-02
-2.037546783685684204e-02 5.247239023447036743e-02 2.217161701992154121e-03
-2.220813371241092682e-02 8.478431403636932373e-02 6.515417993068695068e-02
-6.529792398214340210e-02 -5.201939493417739868e-02 -1.001779586076736450e-01
-1.016770079731941223e-01 -1.052857413887977600e-01 3.363118693232536316e-02
-8.286117762327194214e-02 -6.595128774642944336e-02 -4.663818981498479843e-03
-6.794904917478561401e-02 1.003810837864875793e-01 1.080062240362167358e-01
-2.319480478763580322e-02 3.549626469612121582e-02 -6.009445711970329285e-02
1.367529295384883881e-02 1.242803968489170074e-02 -3.165475651621818542e-02
8.970879018306732178e-02 5.312522873282432556e-02 4.268537461757659912e-02
-2.734597958624362946e-02 -1.982457563281059265e-02 3.934389725327491760e-02
2.482472918927669525e-02 5.070341750979423523e-02 8.936195820569992065e-02
-4.459934681653976440e-02 -2.138551510870456696e-02 9.767390787601470947e-02
6.024856492877006531e-02 8.936785161495208740e-02 -5.238872393965721130e-02
6.343578547239303589e-02 1.167546883225440979e-01 -2.691124007105827332e-02
-7.848610728979110718e-02 1.479587331414222717e-02 9.289933741092681885e-02
-7.984340190887451172e-02 -1.816450990736484528e-02 1.129425019025802612e-01
3.560906648635864258e-02 7.113875448703765869e-02 6.482098996639251709e-02
-4.472986236214637756e-02 5.624042823910713196e-02 -1.017682161182165146e-02
-4.146237624809145927e-04 -4.557427018880844116e-02 6.323910504579544067e-02
1.036212500184774399e-02 5.798211321234703064e-02 -5.347015336155891418e-02
-4.964869003742933273e-03 5.152541399002075195e-02 7.297583669424057007e-02
-3.520388901233673096e-02 8.157048374414443970e-02 -5.564098060131072998e-02
-5.139589682221412659e-02 8.136996626853942871e-02 -1.047972664237022400e-01
1.074638143181800842e-01 -8.836698532104492188e-02 6.163525953888893127e-02
7.137982547283172607e-02 -9.693991392850875854e-02 -6.156640499830245972e-02
-9.277907013893127441e-02 -5.460092797875404358e-02 -5.924516171216964722e-02
-9.252592921257019043e-02 -5.135739967226982117e-02 -4.580729454755783081e-02
-3.508321568369865417e-02 -3.161714598536491394e-02 3.046966157853603363e-02
5.845775082707405090e-02 5.380174843594431877e-04 -6.407378613948822021e-02
-8.845427632331848145e-02 1.115091815590858459e-01 8.740476332604885101e-03
8.403473347425460815e-02 6.765203177928924561e-02 -1.939817704260349274e-02
7.868821918964385986e-02 9.601426869630813599e-02 3.350002225488424301e-05
1.805924251675605774e-02 9.231260418891906738e-02 4.438637988641858101e-04
-1.443513948470354080e-02 -1.784876361489295959e-02 -4.795876331627368927e-03
8.331967145204544067e-02 -9.318489581346511841e-02 -9.258328005671501160e-03
3.908919170498847961e-03 -9.873876720666885376e-02 2.428285405039787292e-02
-3.963606432080268860e-02 -8.543767780065536499e-02 -4.152382165193557739e-02
-8.570178598165512085e-02 -4.357389733195304871e-02 1.986898295581340790e-02
8.800685405731201172e-02 -5.322242621332406998e-03 -2.269429713487625122e-02
3.171678259968757629e-02 6.979025155305862427e-02 3.482462465763092041e-02
-8.746923506259918213e-02 7.382601499557495117e-02 1.165366023778915405e-01
1.333249546587467194e-02 7.818356156349182129e-02 -1.152991726994514465e-01
-8.100686967372894287e-02 -8.456442505121231079e-02 -1.658584550023078918e-02
-3.190696612000465393e-02 9.426455944776535034e-02 1.037675291299819946e-01
-6.861627846956253052e-02 -9.759957343339920044e-02 9.043430536985397339e-02
-4.877488315105438232e-02 -7.320396602153778076e-03 2.471232041716575623e-02
-1.052871942520141602e-01 -1.085611432790756226e-01 -1.164880469441413879e-01
-7.349710911512374878e-02 -7.022724300622940063e-02 1.028422266244888306e-01
-7.914233207702636719e-02 -3.482769802212715149e-02 -6.333435326814651489e-02
3.463484346866607666e-02 7.201772183179855347e-02 7.149901241064071655e-02
1.567605324089527130e-02 8.950859308242797852e-02 3.386418893933296204e-02
-1.087319925427436829e-01 -3.422771021723747253e-02 7.967427372932434082e-02
1.845252700150012970e-02 -4.112069681286811829e-02 -3.690810129046440125e-02
-7.438179850578308105e-02 1.181665956974029541e-01 -1.063047200441360474e-01
8.986882120370864868e-02 8.658765256404876709e-02 -6.528756767511367798e-02
2.717245370149612427e-02 -6.413357704877853394e-02 -2.754744607955217361e-03
5.478173494338989258e-02 -6.853538006544113159e-02 4.230938479304313660e-02
-1.072773635387420654e-01 1.715527847409248352e-02 8.751729875802993774e-02
-1.056431829929351807e-01 1.091604353860020638e-03 1.747936755418777466e-02
9.810891002416610718e-02 -1.266900170594453812e-02 -9.550581872463226318e-02
8.661433309316635132e-02 7.642654329538345337e-02 -9.700515866279602051e-02
1.903203502297401428e-02 -1.170448511838912964e-01 -8.537525683641433716e-02
-7.582140713930130005e-02 4.290418699383735657e-02 -9.518622606992721558e-02
7.204693555831909180e-02 -2.350110560655593872e-02 1.175658404827117920e-02
5.901907756924629211e-02 -2.468207664787769318e-02 1.790325529873371124e-02
6.414734572172164917e-02 7.771880179643630981e-02 9.242336452007293701e-02
-8.438466489315032959e-02 9.436633437871932983e-02 -1.056910976767539978e-01
-1.016626581549644470e-01 -8.553567528724670410e-02 3.236778825521469116e-02
-1.170897334814071655e-01 9.623278677463531494e-02 7.226606458425521851e-02
-8.135301619768142700e-02 -5.935912206768989563e-02 2.374535053968429565e-02
6.617742031812667847e-02 7.498162984848022461e-02 -1.816604519262909889e-03
-2.460109815001487732e-02 -1.027332171797752380e-01 -1.034335349686443806e-03
5.359498783946037292e-02 1.081797108054161072e-01 -6.590845435857772827e-02
4.446452483534812927e-02 -3.674691542983055115e-02 -5.244836211204528809e-02
6.249988824129104614e-02 -4.464815557003021240e-02 -7.276763021945953369e-02
-1.164041236042976379e-01 -8.974317461252212524e-02 9.528686106204986572e-02
8.396306633949279785e-02 -9.803494811058044434e-02 -7.066943496465682983e-02
1.081435978412628174e-01 -9.351604431867599487e-02 -1.493082288652658463e-02
8.298873901367187500e-02 1.160269752144813538e-01 3.052936680614948273e-02
-1.002131476998329163e-01 -2.954591065645217896e-02 4.235696047544479370e-02
6.351520866155624390e-02 2.628309279680252075e-02 3.270098939538002014e-02
1.051008254289627075e-01 -7.444943487644195557e-02 -9.863252192735671997e-02
-7.324016094207763672e-02 9.845709800720214844e-02 5.940524861216545105e-02
-6.876944098621606827e-03 -2.078000642359256744e-02 5.342033877968788147e-02
1.386293675750494003e-02 6.217646598815917969e-02 1.356533914804458618e-02
7.483244687318801880e-02 1.182228848338127136e-01 -8.840180933475494385e-02
-4.871514812111854553e-02 -2.262112498283386230e-02 1.959741674363613129e-02
7.187066227197647095e-02 3.276028484106063843e-02 1.092208251357078552e-01
1.417551655322313309e-02 -9.958855062723159790e-02 -6.250160932540893555e-02
8.490528911352157593e-02 -3.698367625474929810e-03 -8.831571042537689209e-02
6.721577048301696777e-02 -8.577765896916389465e-03 -5.605557188391685486e-02
6.187459081411361694e-02 1.127934735268354416e-02 3.675847500562667847e-02
5.598010867834091187e-02 1.737880893051624298e-02 1.005563288927078247e-01
-9.109159000217914581e-03 1.089413985610008240e-01 -2.489746175706386566e-02
9.188313782215118408e-02 -8.176800608634948730e-02 1.145729050040245056e-01
5.105779692530632019e-02 -1.117864549160003662e-01 5.275262147188186646e-02
1.517106033861637115e-02 -4.767999798059463501e-02 1.000097841024398804e-01
-2.649712562561035156e-02 -8.808397501707077026e-02 9.896174073219299316e-02
-6.640944629907608032e-02 -8.454939723014831543e-02 -3.078509122133255005e-02
-5.809164792299270630e-02 3.147659450769424438e-02 -2.297223359346389771e-02
-5.940568074584007263e-02 1.136119514703750610e-01 1.143440827727317810e-01
1.110615059733390808e-01 -9.428896754980087280e-02 -5.493326485157012939e-02
9.441173821687698364e-02 -3.802432492375373840e-02 4.845897108316421509e-02
-7.233414216898381710e-04 -6.240974366664886475e-02 -1.109904199838638306e-01
1.852437108755111694e-02 -7.523077726364135742e-02 8.141677081584930420e-02
7.870910316705703735e-02 -8.682176470756530762e-02 -3.214223682880401611e-02
-1.458505541086196899e-02 7.318456470966339111e-02 -9.552706778049468994e-02
1.055232482030987740e-03 9.001134335994720459e-02 -2.163710631430149078e-02
9.401138871908187866e-02 -2.727756835520267487e-02 1.206860039383172989e-02
-2.976760454475879669e-02 -4.686605930328369141e-02 -1.142105609178543091e-01
-9.622182697057723999e-02 -3.390015289187431335e-02 2.548692747950553894e-02
2.189310826361179352e-02 5.405639111995697021e-02 -1.125174835324287415e-01
-5.180202797055244446e-02 -2.188000082969665527e-02 5.345753952860832214e-02
-1.440777629613876343e-02 -3.033534064888954163e-02 1.509989053010940552e-02
1.069586202502250671e-01 -2.744398824870586395e-02 2.051244117319583893e-02
2.542163245379924774e-02 8.592335134744644165e-02 2.512799017131328583e-02
1.448371913284063339e-02 4.699464887380599976e-02 6.426387280225753784e-02
7.444086670875549316e-02 -2.594816498458385468e-02 -1.137477345764636993e-02
6.719089299440383911e-02 2.359331212937831879e-02 -9.910935908555984497e-02
5.188252404332160950e-02 8.131463825702667236e-02 1.088739186525344849e-01
-8.826741576194763184e-02 5.994507670402526855e-02 2.567753568291664124e-02
1.833807490766048431e-02 -6.777822971343994141e-02 -2.608798630535602570e-02
4.050068929791450500e-02 7.633234560489654541e-02 -7.541253231465816498e-03
-7.824103534221649170e-02 4.339094832539558411e-02 1.940593495965003967e-02
-9.835489839315414429e-02 1.972212456166744232e-02 -1.153066288679838181e-02
1.037420779466629028e-01 1.891222037374973297e-02 -7.619605213403701782e-02
8.313189446926116943e-02 4.214530438184738159e-02 1.052683666348457336e-01
9.452813118696212769e-02 -9.102711826562881470e-02 -1.165096089243888855e-01
9.350883215665817261e-02 4.906928911805152893e-02 -3.980351239442825317e-02
-3.092083381488919258e-03 -1.173347234725952148e-01 7.414545118808746338e-02
7.121065258979797363e-02 -1.069322526454925537e-01 -5.588510259985923767e-02
-9.195261448621749878e-02 1.020769476890563965e-01 -1.192628368735313416e-01
-7.361862063407897949e-02 6.260330229997634888e-02 3.424075432121753693e-03
4.337868839502334595e-02 -4.249576479196548462e-02 -1.813160255551338196e-03
4.611359536647796631e-02 5.871450528502464294e-02 1.141115278005599976e-02
1.608154922723770142e-02 1.161372587084770203e-01 1.328941900283098221e-02
-4.444001242518424988e-02 9.869774430990219116e-02 -2.438640967011451721e-02
-2.895151823759078979e-02 1.821485161781311035e-02 -3.477856144309043884e-02
-1.183182522654533386e-01 -3.019637428224086761e-02 -2.832943946123123169e-02
-2.487216889858245850e-02 -7.999034598469734192e-03 7.834810018539428711e-02
-6.464552134275436401e-02 4.759606346487998962e-02 -7.049691677093505859e-02
3.523705154657363892e-02 2.562520653009414673e-02 -1.181689426302909851e-01
4.853561148047447205e-02 -1.040805578231811523e-01 -2.002713829278945923e-02
8.684886246919631958e-02 7.990764081478118896e-02 -7.178183645009994507e-02
1.040337160229682922e-01 4.523552209138870239e-02 -7.704746723175048828e-02
-1.136818677186965942e-01 -3.655263781547546387e-02 3.130415570922195911e-04
9.694690257310867310e-02 -6.492111831903457642e-02 -1.184254512190818787e-02
-2.193548902869224548e-02 1.035290807485580444e-01 3.870558366179466248e-02
-9.817937016487121582e-02 -1.142578721046447754e-01 -1.284208148717880249e-02
1.102687418460845947e-01 -1.048932373523712158e-01 -3.819324076175689697e-02
4.023867100477218628e-02 -2.390709333121776581e-02 1.019150540232658386e-01
6.719826254993677139e-03 3.165710344910621643e-02 1.120152696967124939e-02
1.615896634757518768e-02 4.985422641038894653e-02 2.941691689193248749e-02
-4.730438068509101868e-02 -1.099959388375282288e-01 -4.335873574018478394e-02
7.622151821851730347e-02 7.952762767672538757e-03 -8.314451575279235840e-02
8.902417868375778198e-02 9.879304468631744385e-02 1.137857660651206970e-01
5.803648009896278381e-02 -8.091738820075988770e-02 1.034153476357460022e-01
3.412788501009345055e-03 2.776895649731159210e-02 -6.403870880603790283e-02
-5.331138893961906433e-02 4.589914903044700623e-02 -9.225700795650482178e-02
5.929889529943466187e-02 -1.632738858461380005e-02 8.905928581953048706e-02
3.639936447143554688e-03 -1.006654575467109680e-01 -7.278607785701751709e-02
7.611965388059616089e-02 -3.729642555117607117e-02 2.456501498818397522e-02
8.693771064281463623e-02 -2.396568842232227325e-02 7.144697755575180054e-02
-1.080476790666580200e-01 -2.099202014505863190e-02 -8.673629164695739746e-02
1.125959977507591248e-01 -8.611680567264556885e-02 -6.633655726909637451e-02
-1.135344281792640686e-01 3.407661989331245422e-02 4.185757786035537720e-02
3.528660535812377930e-02 -9.501671302132308483e-04 -3.438150510191917419e-02
-1.072264313697814941e-01 4.945062473416328430e-02 -1.559334900230169296e-02
-5.075758695602416992e-02 3.629462420940399170e-02 4.685667529702186584e-02
8.967513218522071838e-03 -8.882621675729751587e-02 -2.157669886946678162e-02
-6.677601486444473267e-02 -1.971174217760562897e-02 -1.081201136112213135e-01
3.894128650426864624e-02 4.020877927541732788e-02 -8.723483234643936157e-02
-7.384775578975677490e-02 2.768772467970848083e-02 -1.162437647581100464e-01
9.256531298160552979e-02 1.143674477934837341e-01 8.350994437932968140e-02
9.864584356546401978e-02 1.160767674446105957e-01 4.207276925444602966e-02
1.131520643830299377e-01 -9.595859795808792114e-02 9.941174834966659546e-02
1.889030821621417999e-02 3.035289607942104340e-02 4.156310111284255981e-02
6.963688135147094727e-02 -9.717194736003875732e-02 1.109541207551956177e-01
-2.712851390242576599e-02 3.555204719305038452e-02 -5.692385137081146240e-02
6.446517258882522583e-02 -1.227447018027305603e-02 -2.629192359745502472e-02
1.219057571142911911e-02 -3.617800772190093994e-02 -1.006783470511436462e-01
1.063261330127716064e-01 4.300096258521080017e-02 -2.252620458602905273e-02
5.921125039458274841e-02 -3.033032454550266266e-02 -5.998363345861434937e-02
5.504329502582550049e-02 -1.001574024558067322e-01 7.170818746089935303e-02
3.254575654864311218e-02 -7.803587615489959717e-02 5.414300132542848587e-03
-6.911808997392654419e-02 -8.306276053190231323e-02 7.865273207426071167e-02
-8.379402756690979004e-02 -2.815290912985801697e-02 -8.366397023200988770e-02
2.592294663190841675e-02 4.537147656083106995e-02 -2.657778095453977585e-03
-7.500283420085906982e-02 -3.829658031463623047e-02 5.302617326378822327e-02
-9.872764348983764648e-02 5.846825614571571350e-02 -7.519349455833435059e-02
-6.190572306513786316e-02 -2.036226354539394379e-02 5.964361876249313354e-02
2.737366221845149994e-02 -5.978990718722343445e-02 6.858477834612131119e-03
-1.137462630867958069e-02 5.195427220314741135e-03 -1.071035638451576233e-01
2.435798058286309242e-03 -7.377849519252777100e-02 -5.518951639533042908e-02
-5.861970782279968262e-02 -9.891670942306518555e-02 6.312465667724609375e-02
1.762289181351661682e-02 -4.502614587545394897e-02 9.028379619121551514e-02
-9.874792397022247314e-02 -6.669448316097259521e-02 9.755412489175796509e-02
-4.414621740579605103e-02 5.425532162189483643e-02 4.551465436816215515e-02
-6.497676670551300049e-02 -2.444306202232837677e-02 -8.937639743089675903e-02
5.625695735216140747e-02 6.794631481170654297e-02 3.855441510677337646e-02
6.473913788795471191e-02 -5.713832378387451172e-02 5.039827153086662292e-02
-1.910277828574180603e-02 1.130446568131446838e-01 1.254131086170673370e-02
-2.308966778218746185e-02 -6.968501955270767212e-02 -1.011934131383895874e-01
-2.271258272230625153e-02 4.995799437165260315e-02 5.789344385266304016e-02
-1.166707426309585571e-01 3.838811826426535845e-04 -4.008076712489128113e-02
9.265624731779098511e-02 4.564760252833366394e-02 -3.697350155562162399e-03
2.300133928656578064e-02 -6.426065415143966675e-02 -5.399752035737037659e-02
-5.168416351079940796e-02 3.456227481365203857e-02 9.089505672454833984e-02
-4.902734607458114624e-02 -7.577164471149444580e-02 1.057598814368247986e-01
-3.949979692697525024e-02 -1.158349439501762390e-01 -3.772397711873054504e-02
-1.132076084613800049e-01 -7.375130802392959595e-02 1.393150258809328079e-02
2.488906960934400558e-03 6.744141131639480591e-02 5.422094836831092834e-04
-6.083598826080560684e-03 -5.585486814379692078e-02 9.023340418934822083e-03
-9.327289462089538574e-02 -6.740447133779525757e-02 5.932818725705146790e-02
6.518763839267194271e-04 -8.188318461179733276e-02 4.259496182203292847e-02
-5.511058494448661804e-02 1.082400158047676086e-01 -2.540790848433971405e-02
2.054121159017086029e-02 2.893432416021823883e-02 1.530035398900508881e-02
-1.053268983960151672e-01 6.040076911449432373e-02 -9.090321511030197144e-02
1.615818776190280914e-02 -9.979332238435745239e-02 -8.463807404041290283e-02
-1.592109724879264832e-02 5.299177020788192749e-03 -7.157404720783233643e-02
4.894653707742691040e-02 -3.695481643080711365e-02 3.310414031147956848e-02
3.070260025560855865e-02 -8.029942214488983154e-02 1.319153793156147003e-02
-1.028033345937728882e-01 -1.847775839269161224e-02 2.049992792308330536e-02
6.172790378332138062e-02 6.477750092744827271e-02 9.349258989095687866e-02
2.786086499691009521e-02 -8.665627986192703247e-02 8.531459420919418335e-02
1.612113416194915771e-02 5.716957151889801025e-02 -9.669727832078933716e-02
8.451694250106811523e-02 1.142090186476707458e-01 -4.897020012140274048e-02
-9.107800573110580444e-02 -7.661963999271392822e-02 4.236785694956779480e-02
5.433165654540061951e-02 6.638496369123458862e-02 -1.042529493570327759e-01
3.536849468946456909e-02 -1.085519641637802124e-01 -7.093437016010284424e-02
-7.205153256654739380e-02 1.750961691141128540e-02 7.969024032354354858e-02
6.700865924358367920e-02 -7.275233417749404907e-02 -4.919280484318733215e-02
7.232591509819030762e-02 -4.335659369826316833e-02 4.367216303944587708e-02
7.541787344962358475e-03 6.043854355812072754e-02 9.500712156295776367e-02
2.917458675801753998e-02 2.469472773373126984e-02 2.396570332348346710e-02
2.385229244828224182e-02 -5.381854623556137085e-02 -4.360827803611755371e-02
-3.359837457537651062e-03 3.781174868345260620e-02 3.737257793545722961e-02
4.580403119325637817e-02 8.304736763238906860e-02 -1.144769601523876190e-02
-6.904256343841552734e-02 -1.934874057769775391e-02 4.276666790246963501e-02
3.804732114076614380e-02 -1.140316352248191833e-01 7.901407778263092041e-02
7.424597442150115967e-02 -1.021277233958244324e-01 1.135414615273475647e-01
1.083299443125724792e-01 1.034754142165184021e-01 -8.982298523187637329e-02
9.769415110349655151e-02 -5.112202093005180359e-02 -6.200120598077774048e-02
7.496973872184753418e-02 2.971289493143558502e-02 -8.474402129650115967e-02
-1.058753207325935364e-01 -1.642923615872859955e-02 4.589693248271942139e-02
-7.964958250522613525e-02 1.743537001311779022e-02 -8.311939984560012817e-02
-8.195658773183822632e-02 7.577361911535263062e-02 1.921669766306877136e-02
5.547440797090530396e-02 -2.154251001775264740e-02 -1.135947778820991516e-01
-9.972529113292694092e-02 1.083732470870018005e-01 1.141265407204627991e-01
-1.790788141079246998e-03 -4.777367785573005676e-02 4.338956996798515320e-02
8.138323575258255005e-02 8.134662359952926636e-02 -3.811675310134887695e-02
1.187907382845878601e-01 5.449073389172554016e-02 5.023510754108428955e-02
-5.391945689916610718e-02 -5.569471046328544617e-02 8.311130106449127197e-02
-6.976662576198577881e-02 -9.884015470743179321e-02 2.244441770017147064e-02
5.699877440929412842e-02 -7.007330656051635742e-02 1.234726747497916222e-03
-7.772426307201385498e-02 3.215607628226280212e-02 8.331396430730819702e-02
-7.627622038125991821e-02 -3.392107784748077393e-02 8.389105647802352905e-02
-6.685044616460800171e-02 1.148301959037780762e-01 -3.764523938298225403e-02
1.201552227139472961e-01 -4.659790545701980591e-02 -2.069884538650512695e-02
1.727198436856269836e-02 -2.322701737284660339e-02 7.553002238273620605e-02
-9.229820221662521362e-02 -2.156791742891073227e-03 -5.955795198678970337e-02
3.288749232888221741e-02 3.041727840900421143e-02 9.454900026321411133e-02
-5.920228734612464905e-02 5.461486871354281902e-04 4.513958096504211426e-02
-7.257073372602462769e-02 5.753980576992034912e-02 -9.924591332674026489e-02
-4.545759782195091248e-02 -6.511455774307250977e-02 6.607948988676071167e-02
2.512111701071262360e-02 -3.913876786828041077e-02 -2.379864081740379333e-02
3.310484439134597778e-02 1.083551719784736633e-01 -6.650288123637437820e-03
-7.550963014364242554e-02 5.939262732863426208e-02 7.494463026523590088e-02
-6.119598448276519775e-02 -3.432483226060867310e-02 3.446715697646141052e-02
1.144239753484725952e-01 -6.129017844796180725e-02 -4.264878109097480774e-02
-2.278682217001914978e-02 3.106070123612880707e-02 1.942822709679603577e-02
8.499104529619216919e-02 3.691463544964790344e-02 9.471592307090759277e-02
3.458377718925476074e-02 7.201038300991058350e-02 -5.729573592543601990e-02
-1.134989857673645020e-01 1.000405699014663696e-01 3.456626832485198975e-02
3.009642474353313446e-02 7.459595054388046265e-02 -1.103988066315650940e-01
-1.073606312274932861e-02 -1.027279198169708252e-01 1.508302288129925728e-03
1.766534522175788879e-02 -6.625490635633468628e-02 9.528640657663345337e-02
-8.566305786371231079e-02 -6.813680380582809448e-02 -5.701323598623275757e-02
9.938021749258041382e-02 -7.454802840948104858e-02 5.930919945240020752e-02
-5.805317312479019165e-03 -5.990266799926757812e-02 7.531474530696868896e-02
-5.245088040828704834e-02 1.078736260533332825e-01 1.169623583555221558e-01
-4.087694361805915833e-02 1.220149546861648560e-02 1.501069683581590652e-02
9.190222620964050293e-02 -4.609746485948562622e-02 -5.563287436962127686e-02
-6.217275932431221008e-02 9.145426750183105469e-02 5.211647599935531616e-03
-8.954083919525146484e-02 7.672678679227828979e-02 6.853678822517395020e-02
4.255003482103347778e-02 -5.965277925133705139e-02 -8.647566661238670349e-03
