-1.258322037756443024e-02 6.956603378057479858e-02 -5.755650624632835388e-02
-3.695012629032135010e-02 3.041308000683784485e-02 -4.768310487270355225e-02
-4.732128977775573730e-02 4.683043062686920166e-02 6.034228950738906860e-02
3.009143099188804626e-02 3.415943682193756104e-02 -1.864657551050186157e-02
-7.221259176731109619e-03 -4.168549180030822754e-02 1.415018644183874130e-02
-5.444240197539329529e-02 -2.088325470685958862e-02 5.525230988860130310e-02
-1.575339026749134064e-02 -7.835313677787780762e-02 5.867486819624900818e-02
-6.530022621154785156e-02 2.178071299567818642e-04 -5.628591775894165039e-02
6.821816205047070980e-04 2.322268858551979065e-02 7.238608598709106445e-02
8.496563881635665894e-03 2.999704144895076752e-02 4.282623901963233948e-02
-6.186083890497684479e-03 -4.523393511772155762e-02 -4.933447018265724182e-02
-1.731970161199569702e-02 2.207154408097267151e-02 -3.196378052234649658e-02
6.610548496246337891e-02 6.270338594913482666e-02 5.222120136022567749e-02
-3.629638254642486572e-02 -4.150335118174552917e-02 2.284812927246093750e-02
-2.723312063608318567e-04 2.599287405610084534e-02 -5.940834060311317444e-02
1.726295053958892822e-02 -2.336411550641059875e-02 3.877180069684982300e-02
2.716030180454254150e-02 -7.103797793388366699e-02 -2.636404708027839661e-02
-4.515690729022026062e-02 6.995387375354766846e-02 1.512748282402753830e-02
-6.378693878650665283e-02 -4.209921229630708694e-03 -3.506372869014739990e-02
6.121472269296646118e-02 -7.686278969049453735e-02 4.277205839753150940e-02
7.334575802087783813e-02 -4.543103650212287903e-02 -5.479555204510688782e-02
-7.633639872074127197e-02 -3.105764463543891907e-02 2.991940453648567200e-02
-3.033171407878398895e-03 -6.402550637722015381e-02 -1.706842333078384399e-02
-3.620943799614906311e-02 -2.138170413672924042e-02 -2.581395022571086884e-02
-5.697894096374511719e-02 1.916783489286899567e-02 -5.842028930783271790e-02
-7.459908723831176758e-02 -1.119153853505849838e-02 -4.815140739083290100e-02
-4.358645901083946228e-02 -3.679372370243072510e-02 1.876657456159591675e-02
8.109935559332370758e-03 -9.876061230897903442e-03 -2.968152239918708801e-02
4.868654534220695496e-02 1.871027424931526184e-02 2.687933621928095818e-03
-7.960615307092666626e-02 -4.988835006952285767e-02 -5.062447860836982727e-02
-6.416144967079162598e-02 2.392181940376758575e-02 -4.528239369392395020e-02
1.406334247440099716e-02 7.216811925172805786e-02 3.121492639183998108e-02
-6.358053535223007202e-02 -5.033980682492256165e-02 -1.322710886597633362e-02
5.654766038060188293e-02 2.659692615270614624e-02 4.793631844222545624e-03
-5.269746109843254089e-02 6.279933452606201172e-02 -6.574141234159469604e-02
-7.072033733129501343e-02 -5.779953300952911377e-02 -4.894519969820976257e-02
2.514442056417465210e-02 3.141973912715911865e-02 -3.216091543436050415e-02
1.093746442347764969e-02 -7.934440672397613525e-02 5.599226430058479309e-02
-3.728135302662849426e-02 -3.085980191826820374e-03 -5.988911539316177368e-02
3.749059885740280151e-02 3.131929785013198853e-02 2.449226938188076019e-02
7.505288720130920410e-02 5.596523638814687729e-03 7.827340066432952881e-02
5.588780622929334641e-03 -5.978299677371978760e-02 -5.398368462920188904e-02
3.615782188717275858e-04 4.470774903893470764e-02 -4.491822421550750732e-02
3.867764398455619812e-02 -1.175222359597682953e-02 5.645661614835262299e-03
-3.313513472676277161e-02 3.644825518131256104e-02 8.133845031261444092e-02
-4.076434671878814697e-02 -3.277020156383514404e-02 -6.777728348970413208e-02
-2.718294411897659302e-02 7.924160361289978027e-02 5.473486334085464478e-02
-1.213229540735483170e-02 -5.503964796662330627e-02 -3.973292559385299683e-02
-4.006324335932731628e-02 3.070204704999923706e-02 4.480541869997978210e-02
6.985941529273986816e-02 7.138293981552124023e-02 -6.343601644039154053e-02
-2.092620171606540680e-02 1.986911753192543983e-03 -5.405849963426589966e-02
3.544920682907104492e-02 5.487323924899101257e-02 6.082238629460334778e-02
-3.402185440063476562e-02 2.485776320099830627e-02 1.979888230562210083e-02
-7.793193310499191284e-02 -5.681856349110603333e-02 -4.719606786966323853e-02
1.210067048668861389e-02 4.601808637380599976e-02 -2.729126065969467163e-02
8.223355561494827271e-02 5.582934245467185974e-03 -5.436117574572563171e-02
-2.799097448587417603e-02 -6.909519433975219727e-02 -2.670682407915592194e-02
2.974082343280315399e-02 6.631798297166824341e-02 -6.413430720567703247e-02
2.362995594739913940e-02 -3.443732159212231636e-03 3.717361390590667725e-02
3.299899399280548096e-02 -6.998847424983978271e-02 6.857721507549285889e-02
2.145690657198429108e-02 3.213525563478469849e-02 -3.976026922464370728e-02
1.960468478500843048e-02 6.773967295885086060e-03 2.029272355139255524e-02
-3.076861426234245300e-02 -4.631792008876800537e-02 -1.304990984499454498e-02
-7.707022875547409058e-02 3.723863139748573303e-02 -5.346125364303588867e-02
6.801615655422210693e-02 5.722523853182792664e-02 3.035609610378742218e-02
5.738891661167144775e-03 1.032336894422769547e-02 -7.866966538131237030e-03
7.145611103624105453e-03 4.701994359493255615e-02 4.707163572311401367e-02
7.921820133924484253e-02 -1.640320196747779846e-02 7.615032047033309937e-02
3.599035087972879410e-03 -2.686168439686298370e-02 4.277480393648147583e-02
-3.849771246314048767e-02 -5.921806022524833679e-02 -1.200281549245119095e-03
8.128950744867324829e-02 8.101619780063629150e-02 -3.012380376458168030e-02
-5.674075800925493240e-04 -5.663864314556121826e-02 -6.678595393896102905e-02
7.384490966796875000e-02 4.003353044390678406e-02 7.140347361564636230e-02
-7.030276209115982056e-02 2.666759118437767029e-02 8.424756117165088654e-03
-3.983236476778984070e-02 6.689663231372833252e-02 7.527190446853637695e-02
6.869869679212570190e-02 -5.554307997226715088e-02 -6.187039613723754883e-02
6.090101972222328186e-02 -7.102683186531066895e-02 -3.377730026841163635e-02
3.145078429952263832e-03 1.722337678074836731e-02 4.934842698276042938e-03
-7.599031180143356323e-02 2.503483183681964874e-02 4.078754037618637085e-02
-5.671877413988113403e-02 -7.176072150468826294e-02 -6.196987628936767578e-02
3.870134707540273666e-03 6.031413376331329346e-02 -8.120332658290863037e-02
-7.144340127706527710e-02 -8.220691978931427002e-02 -8.108241111040115356e-02
-3.808455541729927063e-02 8.043246716260910034e-02 -7.832657545804977417e-02
4.201126471161842346e-02 -2.045218646526336670e-02 -8.182311803102493286e-02
-1.678881421685218811e-02 -1.612460036994889379e-04 6.589566171169281006e-02
-3.902450576424598694e-02 -3.328846395015716553e-02 -8.048707991838455200e-02
4.040129855275154114e-02 2.857873216271400452e-02 3.584202378988265991e-02
-3.359725698828697205e-02 5.387369543313980103e-02 -7.368165999650955200e-02
7.930262386798858643e-02 2.735393308103084564e-02 5.868343636393547058e-02
-3.581967204809188843e-02 2.293526567518711090e-02 1.618034392595291138e-02
8.144626393914222717e-03 -4.868630692362785339e-02 2.387032844126224518e-02
8.198538422584533691e-02 7.515215128660202026e-02 -4.487705230712890625e-02
4.673378914594650269e-02 6.487536430358886719e-02 1.953169889748096466e-02
4.917496442794799805e-02 -5.695066973567008972e-02 1.144924852997064590e-02
1.756962575018405914e-02 7.741152495145797729e-02 6.648065149784088135e-02
6.375984102487564087e-02 -3.509060665965080261e-02 -8.213642239570617676e-02
2.609416842460632324e-02 4.851320758461952209e-02 -8.382484316825866699e-02
4.565973207354545593e-02 -6.497543305158615112e-02 -5.998426303267478943e-02
2.352381311357021332e-02 6.974490731954574585e-02 -8.011405169963836670e-02
9.019898250699043274e-03 -6.841965019702911377e-02 4.919181391596794128e-02
-2.848545834422111511e-02 -7.602709531784057617e-02 5.458492040634155273e-02
2.709219045937061310e-02 -4.883154295384883881e-03 -4.101267084479331970e-02
7.364844530820846558e-02 -7.483448088169097900e-02 5.631669610738754272e-02
-2.378119528293609619e-02 -2.982736798003315926e-03 -2.242906577885150909e-02
2.507374808192253113e-02 -8.709334768354892731e-03 2.390354126691818237e-02
-3.763036057353019714e-02 -6.962879002094268799e-02 -8.239241689443588257e-02
5.289287865161895752e-02 4.102014750242233276e-02 3.746897727251052856e-02
4.962697252631187439e-02 -6.350780278444290161e-02 3.166159614920616150e-02
7.010657340288162231e-02 -4.026853665709495544e-02 3.596083959564566612e-03
-5.511759594082832336e-02 3.735160082578659058e-02 -3.224798291921615601e-02
1.358340308070182800e-02 5.498671904206275940e-03 -7.671239972114562988e-02
-8.115530014038085938e-02 -7.692594826221466064e-02 -1.980471983551979065e-02
2.789799869060516357e-02 -4.589723050594329834e-02 6.371895223855972290e-02
2.450940385460853577e-02 -9.253619238734245300e-03 4.595254082232713699e-03
-8.039847016334533691e-03 3.056738292798399925e-03 -7.513557374477386475e-02
6.819424033164978027e-02 4.082262516021728516e-02 -5.068880692124366760e-02
6.874281913042068481e-02 -8.145052194595336914e-02 3.491423651576042175e-02
-5.185620486736297607e-02 -6.042964290827512741e-03 -2.929979003965854645e-02
5.130053963512182236e-03 2.141398005187511444e-02 -1.785185374319553375e-02
7.508939504623413086e-02 -1.092066802084445953e-02 -7.174777239561080933e-02
3.851107135415077209e-02 -3.756088018417358398e-02 2.646478265523910522e-02
1.659173890948295593e-02 7.685575168579816818e-03 2.402519434690475464e-02
-2.690153196454048157e-02 4.801623523235321045e-02 -1.198361814022064209e-02
2.725539170205593109e-02 4.818941280245780945e-02 6.492444872856140137e-02
5.277952551841735840e-02 -4.981342703104019165e-03 -6.593590974807739258e-02
3.241927176713943481e-02 1.445565372705459595e-03 5.210252478718757629e-02
-2.542664483189582825e-02 -1.034219469875097275e-02 1.397696603089570999e-02
-7.052899897098541260e-02 5.332005396485328674e-02 -2.458016015589237213e-02
8.051811903715133667e-02 -6.272148340940475464e-02 -2.157923206686973572e-02
7.305783685296773911e-03 1.412790268659591675e-02 4.174005985260009766e-02
-4.395746439695358276e-02 -9.352706372737884521e-03 1.632179692387580872e-02
1.605080068111419678e-02 -3.277482464909553528e-02 -3.385539725422859192e-02
6.525882333517074585e-02 -2.913671731948852539e-02 3.243955597281455994e-02
-1.424687821418046951e-02 5.025388300418853760e-02 7.418838888406753540e-02
-7.917891442775726318e-02 -3.130304068326950073e-02 -5.581382662057876587e-02
4.757470637559890747e-02 -6.663772463798522949e-02 7.056388258934020996e-02
1.533200033009052277e-02 -1.727805845439434052e-02 -5.998112261295318604e-02
-7.150280475616455078e-02 7.348503172397613525e-02 2.349150180816650391e-02
3.921063616871833801e-02 6.797682493925094604e-02 -7.111371308565139771e-02
7.541954517364501953e-02 -4.672765731811523438e-02 2.032900042831897736e-02
-2.035792358219623566e-02 6.959109008312225342e-02 -4.415080696344375610e-02
3.924331068992614746e-02 2.268305048346519470e-02 -8.473924547433853149e-02
5.515089631080627441e-02 -2.461396902799606323e-02 -1.222966425120830536e-02
1.438869349658489227e-02 6.020804122090339661e-02 -7.188913971185684204e-02
6.960763782262802124e-02 3.506040200591087341e-02 -6.821734458208084106e-02
7.868298143148422241e-02 -3.369118645787239075e-02 6.303983181715011597e-02
5.069878324866294861e-02 7.116771489381790161e-02 -4.574477672576904297e-02
3.284494206309318542e-02 -6.779229640960693359e-02 -6.237534806132316589e-03
-6.235708296298980713e-02 -4.357796907424926758e-02 -8.034228533506393433e-02
4.667278751730918884e-02 -9.441581554710865021e-03 6.985198706388473511e-02
7.624952495098114014e-02 7.317064702510833740e-02 6.537944078445434570e-02
1.255868002772331238e-02 3.584821894764900208e-02 -2.629876136779785156e-02
-4.051744565367698669e-02 4.806039854884147644e-02 -4.416036978363990784e-02
-2.038683183491230011e-02 7.527316361665725708e-02 3.926265239715576172e-02
5.055668950080871582e-02 2.077582292258739471e-02 -4.885059595108032227e-02
-4.999044351279735565e-03 -1.604151353240013123e-02 -8.253101259469985962e-02
4.000433161854743958e-02 -7.052588462829589844e-02 7.469864562153816223e-03
2.709453180432319641e-02 7.795298099517822266e-02 -6.967918574810028076e-02
-7.148078293539583683e-05 -5.240457504987716675e-02 -6.417409330606460571e-02
-6.208674982190132141e-02 4.082807153463363647e-02 3.587237000465393066e-02
-3.495601564645767212e-02 -5.213823169469833374e-02 2.506751939654350281e-02
-6.074102595448493958e-02 3.716052696108818054e-02 -7.420440763235092163e-02
4.340853914618492126e-02 -6.082267314195632935e-02 1.795213483273983002e-02
7.182476669549942017e-02 -4.755393788218498230e-02 6.113757379353046417e-03
-6.563588976860046387e-03 8.384048938751220703e-02 -2.469540946185588837e-02
-4.467704147100448608e-02 -3.224332258105278015e-02 6.980109959840774536e-02
-2.678732387721538544e-02 -5.078565701842308044e-02 -7.703622430562973022e-02
-3.855021297931671143e-02 -2.796141430735588074e-02 6.835862994194030762e-02
-7.693439722061157227e-02 5.264185741543769836e-02 4.228014126420021057e-02
-3.465961292386054993e-02 3.621267899870872498e-02 1.432415749877691269e-02
-4.394881054759025574e-02 2.794887684285640717e-02 -7.149615138769149780e-02
5.318588763475418091e-02 -8.116833865642547607e-03 8.016394823789596558e-02
8.088932186365127563e-02 -4.546159878373146057e-02 4.200588911771774292e-03
5.659220367670059204e-02 7.607332617044448853e-02 6.031437590718269348e-02
8.347075432538986206e-02 -5.380664393305778503e-02 -7.390786707401275635e-02
4.322841763496398926e-02 -6.903290748596191406e-03 3.488774225115776062e-02
4.561428725719451904e-02 7.923623546957969666e-03 4.415457323193550110e-02
-2.771020494401454926e-02 9.759317152202129364e-03 -7.685969769954681396e-02
-7.659794390201568604e-02 -2.698991820216178894e-02 7.352744787931442261e-02
-3.293449059128761292e-02 -2.740993723273277283e-02 2.515631169080734253e-02
-1.086329575628042221e-02 -4.378367587924003601e-02 9.472114033997058868e-03
-5.859190225601196289e-02 2.426469698548316956e-02 -1.300541497766971588e-02
1.061910949647426605e-02 5.974033847451210022e-02 1.958599500358104706e-02
-8.265975117683410645e-02 6.224161386489868164e-02 -3.729060664772987366e-02
4.157184809446334839e-02 -4.843100905418395996e-02 1.212666090577840805e-02
-1.195575925521552563e-03 4.599591717123985291e-02 6.116973981261253357e-02
-1.357566099613904953e-02 -8.461146615445613861e-03 -5.119308084249496460e-02
-3.269549831748008728e-02 1.538519933819770813e-02 -8.269805461168289185e-02
-6.694374606013298035e-03 -6.658819317817687988e-02 7.561121135950088501e-02
7.150358869694173336e-04 1.816787943243980408e-02 3.802454844117164612e-02
3.759444132447242737e-02 6.132095586508512497e-04 -1.866107434034347534e-02
2.432500198483467102e-02 -8.207723498344421387e-02 -4.633098840713500977e-03
-2.675159461796283722e-02 -2.511158213019371033e-02 -8.056969940662384033e-02
7.800015155225992203e-04 4.570855572819709778e-02 -1.276916265487670898e-02
7.310473173856735229e-02 -4.265278577804565430e-02 5.936914309859275818e-02
2.437580749392509460e-02 -7.573099434375762939e-02 -3.629606217145919800e-02
4.711729288101196289e-02 -9.496858343482017517e-03 -7.387872785329818726e-03
-1.205610577017068863e-02 -3.813059628009796143e-02 -5.919030681252479553e-02
7.570174336433410645e-02 -3.686163574457168579e-02 4.140339419245719910e-02
4.906295333057641983e-03 -5.941575393080711365e-03 2.768707275390625000e-02
2.956629917025566101e-02 2.313077636063098907e-02 3.963520750403404236e-02
-6.972573231905698776e-03 -6.236093491315841675e-02 -5.835088714957237244e-02
-7.284753024578094482e-02 -1.414365787059068680e-02 9.848872199654579163e-03
1.263594161719083786e-02 3.288310952484607697e-03 2.286321111023426056e-02
-2.143856696784496307e-02 4.349159076809883118e-02 -7.526344060897827148e-02
-4.574891552329063416e-02 3.503772616386413574e-02 6.760091334581375122e-02
-7.391821593046188354e-02 -7.756081223487854004e-02 4.584704712033271790e-02
-7.217525690793991089e-02 -7.196708768606185913e-02 -1.555319689214229584e-02
-5.898166447877883911e-02 -2.327008731663227081e-02 -7.388299703598022461e-02
7.435209304094314575e-02 -5.724791809916496277e-02 -3.066347725689411163e-02
-1.301633752882480621e-02 4.801714792847633362e-02 6.122777611017227173e-02
-4.307943582534790039e-02 -5.597206950187683105e-02 -2.787916921079158783e-02
-3.141064569354057312e-02 -6.316729635000228882e-02 7.342453300952911377e-02
-2.810118906199932098e-02 -4.168545454740524292e-02 -7.459992170333862305e-02
-1.055374741554260254e-02 -7.807485014200210571e-02 -7.896214723587036133e-02
-4.472053050994873047e-02 5.636790022253990173e-02 -1.894203945994377136e-02
-1.911364309489727020e-02 2.258511632680892944e-02 4.864789545536041260e-02
-4.837157204747200012e-02 -1.069627003744244576e-03 4.810229316353797913e-02
-8.303011208772659302e-02 1.022821199148893356e-02 -6.730946898460388184e-02
3.472829237580299377e-02 -1.593892835080623627e-02 6.434604525566101074e-02
-5.601000785827636719e-02 -6.353979557752609253e-02 -6.504493206739425659e-02
1.613429561257362366e-02 4.476705193519592285e-02 3.007696568965911865e-02
-6.675066798925399780e-02 7.874152809381484985e-02 -6.968360394239425659e-02
5.150477960705757141e-02 -5.569016560912132263e-03 3.968216851353645325e-02
1.913036406040191650e-02 6.039404124021530151e-02 5.515281111001968384e-02
1.729665324091911316e-02 -2.804655767977237701e-02 -3.522853832691907883e-03
-4.444220289587974548e-02 9.696898981928825378e-03 -5.231937021017074585e-02
-6.203387677669525146e-02 6.355520337820053101e-02 6.730210734531283379e-04
1.927759381942451000e-03 -5.826818943023681641e-02 2.879987098276615143e-02
1.668695174157619476e-02 -3.508300334215164185e-02 -4.536355286836624146e-02
-1.862807385623455048e-02 -4.562044516205787659e-02 4.938159137964248657e-03
-6.396783981472253799e-03 -3.150471672415733337e-02 4.078045021742582321e-03
5.251515191048383713e-03 1.318134926259517670e-02 -5.481795221567153931e-02
-1.563823223114013672e-02 -1.404632441699504852e-02 1.522759348154067993e-02
-5.355054885149002075e-02 8.743514306843280792e-03 6.934887915849685669e-02
2.319311350584030151e-02 -3.326705843210220337e-02 -6.049067899584770203e-02
-7.948501151986420155e-04 8.128069341182708740e-02 1.406948175281286240e-02
-7.340932637453079224e-02 -2.574345283210277557e-02 9.906751103699207306e-03
-6.804957240819931030e-02 2.512349933385848999e-02 -5.891300737857818604e-02
2.741158194839954376e-02 -8.136424422264099121e-02 -4.167363513261079788e-03
-1.933735236525535583e-02 6.153548881411552429e-02 -7.683912664651870728e-02
-2.156070992350578308e-02 5.168280750513076782e-02 -2.660762518644332886e-02
4.191302880644798279e-02 -7.999251782894134521e-02 -4.140041768550872803e-03
3.719251230359077454e-02 2.070610411465167999e-02 2.784436102956533432e-03
-5.808775499463081360e-02 -6.475925445556640625e-02 -7.877717912197113037e-02
3.761259093880653381e-02 4.854686930775642395e-02 -7.397604733705520630e-02
-6.935082376003265381e-02 4.899296164512634277e-02 -5.820721387863159180e-02
2.507180161774158478e-02 3.402641043066978455e-02 6.857889890670776367e-02
-7.386408746242523193e-02 6.976011395454406738e-02 -5.209462833590805531e-04
1.779595203697681427e-02 2.804378233850002289e-02 5.182724073529243469e-02
4.006929323077201843e-02 1.411923393607139587e-02 -2.688580751419067383e-02
5.915385484695434570e-02 -6.644871085882186890e-02 4.142279550433158875e-02
-7.734807580709457397e-02 1.723934523761272430e-02 -7.306428253650665283e-02
5.170392245054244995e-02 -6.690371315926313400e-03 -7.359084486961364746e-02
-6.600794196128845215e-02 -9.160006418824195862e-03 1.920508220791816711e-02
8.055114001035690308e-02 6.982241570949554443e-02 -5.801441520452499390e-02
-7.398991286754608154e-02 7.221707701683044434e-02 -3.124836087226867676e-02
2.700053900480270386e-02 -1.953303255140781403e-02 -6.493089348077774048e-02
7.898504287004470825e-02 -5.377549678087234497e-02 -4.775309562683105469e-02
-6.062816455960273743e-02 -7.846072316169738770e-02 3.045129030942916870e-02
2.695797011256217957e-04 -2.738207764923572540e-02 -4.597669467329978943e-02
3.791611641645431519e-02 -1.814219541847705841e-02 6.500957906246185303e-02
5.239288508892059326e-02 -3.468403592705726624e-02 -5.992051959037780762e-02
-3.803510218858718872e-02 -1.717491250019520521e-04 -3.458321467041969299e-02
-6.762939691543579102e-02 4.511686414480209351e-02 -3.209112584590911865e-02
-4.832435026764869690e-02 2.308138087391853333e-02 -7.641784101724624634e-02
4.677516967058181763e-02 7.054427266120910645e-02 7.160667330026626587e-02
-5.283338576555252075e-02 -8.428698033094406128e-02 -1.428626012057065964e-02
5.005133897066116333e-02 -4.425356164574623108e-02 6.718927621841430664e-02
7.882657647132873535e-02 -7.026007771492004395e-02 -4.847032949328422546e-02
-1.235970016568899155e-02 3.398402780294418335e-02 4.974551498889923096e-02
-5.630439892411231995e-02 7.536678016185760498e-02 3.351761773228645325e-02
-7.625506073236465454e-02 3.053711913526058197e-02 -2.311478368937969208e-02
-7.337532192468643188e-02 3.824673593044281006e-02 -5.428008362650871277e-02
-4.632604122161865234e-02 4.526359494775533676e-03 -4.456152766942977905e-02
1.183881424367427826e-02 -5.220607668161392212e-02 1.661772141233086586e-03
-1.803347468376159668e-02 3.104265546426177025e-03 -4.644440114498138428e-02
6.084732338786125183e-02 1.579425856471061707e-02 3.460230678319931030e-02
-7.803103327751159668e-02 -4.010744392871856689e-02 3.048944287002086639e-02
-1.783828064799308777e-02 8.231946825981140137e-02 -6.933789700269699097e-02
3.105157986283302307e-02 2.977322787046432495e-02 -1.616743579506874084e-02
-1.302228588610887527e-02 -6.441915780305862427e-02 3.824425488710403442e-02
1.166892144829034805e-02 7.798705995082855225e-02 -7.051172107458114624e-02
-2.721766475588083267e-03 -7.027535140514373779e-02 3.816337510943412781e-02
-3.388759121298789978e-02 -1.224177889525890350e-02 2.978010475635528564e-02
4.935388267040252686e-02 8.238507062196731567e-02 6.905528903007507324e-02
-1.645998470485210419e-02 7.556921988725662231e-02 -2.557641454041004181e-02
4.751479998230934143e-02 -1.429567113518714905e-02 -8.082263171672821045e-02
4.986703861504793167e-03 5.643193796277046204e-02 6.420901417732238770e-02
4.317683354020118713e-02 -1.838436163961887360e-02 -4.120883066207170486e-03
4.378939047455787659e-02 8.275193162262439728e-03 2.968790940940380096e-02
7.713640481233596802e-02 -7.721599657088518143e-03 -5.312514305114746094e-02
7.438229024410247803e-02 -4.364120587706565857e-02 -7.915338873863220215e-02
-2.103021834045648575e-03 2.869608998298645020e-02 -7.072352617979049683e-02
8.497633039951324463e-03 2.035151701420545578e-03 -3.995156660676002502e-02
-3.417467325925827026e-02 7.527692615985870361e-02 -4.396367818117141724e-02
8.528972044587135315e-03 -2.328529395163059235e-02 5.494230613112449646e-02
3.726704791188240051e-02 -7.076888531446456909e-02 1.917807571589946747e-02
-7.232819497585296631e-02 -7.189863920211791992e-02 -4.507349058985710144e-02
3.678495436906814575e-02 6.612451374530792236e-02 -8.217081427574157715e-02
-6.056508421897888184e-02 7.760232686996459961e-02 -4.077005758881568909e-02
6.308011710643768311e-02 5.965197458863258362e-02 -2.275489643216133118e-02
-1.077931188046932220e-02 -1.370599679648876190e-02 4.578104242682456970e-02
5.015103891491889954e-02 -5.515758320689201355e-02 -1.434816792607307434e-02
-4.894993081688880920e-02 3.633664920926094055e-02 8.258477598428726196e-02
2.268026024103164673e-02 3.320792317390441895e-02 -4.708622023463249207e-02
-8.021224290132522583e-02 -4.527476429939270020e-02 -3.336345776915550232e-02
-6.597321480512619019e-03 9.557064622640609741e-03 -1.315979845821857452e-02
-7.473719120025634766e-02 -7.172581553459167480e-02 4.076251015067100525e-02
3.217382356524467468e-02 -1.527677197009325027e-02 6.324002146720886230e-02
3.553180024027824402e-02 -7.397303730249404907e-02 -1.773955114185810089e-02
-2.579027041792869568e-02 5.814371258020401001e-02 -5.384535994380712509e-03
6.979723274707794189e-02 1.075664162635803223e-02 -2.510300464928150177e-02
-7.790783792734146118e-02 -3.648316115140914917e-02 -6.872531026601791382e-02
-5.150494351983070374e-02 -7.247164845466613770e-02 3.920446336269378662e-02
7.175642997026443481e-02 7.443346828222274780e-02 8.944855071604251862e-03
1.203448511660099030e-02 -3.540179505944252014e-02 2.603169530630111694e-02
6.227428093552589417e-03 -2.643743529915809631e-02 -1.898065768182277679e-02
2.050665393471717834e-02 -7.774914801120758057e-02 8.182292431592941284e-02
4.793541505932807922e-02 -3.393429145216941833e-02 6.855133920907974243e-02
1.867088302969932556e-02 4.005761072039604187e-02 -8.783722296357154846e-03
5.353150144219398499e-02 -1.986240781843662262e-02 -8.371610310859978199e-04
-5.630092322826385498e-02 3.922028467059135437e-02 2.016380988061428070e-02
8.250892162322998047e-02 7.139619439840316772e-02 -5.554317682981491089e-02
5.053293704986572266e-02 -1.630282960832118988e-02 -2.514080703258514404e-02
3.017705120146274567e-02 -6.769628822803497314e-02 4.644170403480529785e-02
4.337561782449483871e-03 -3.773428127169609070e-02 -4.596040770411491394e-02
1.444995310157537460e-02 -5.927054584026336670e-02 5.345790833234786987e-02
2.695040404796600342e-02 3.665443882346153259e-02 -3.501943498849868774e-02
-2.629156596958637238e-02 -8.899526670575141907e-03 7.149917632341384888e-02
-4.184733610600233078e-03 -7.181818783283233643e-02 6.811649352312088013e-02
-3.360446542501449585e-02 -7.766038179397583008e-02 3.168876096606254578e-02
-1.788233220577239990e-02 -3.281567245721817017e-02 3.235115483403205872e-02
2.816029079258441925e-02 5.298394709825515747e-02 -1.688374020159244537e-02
7.275373209267854691e-03 3.266121447086334229e-02 -9.783182293176651001e-03
7.156439125537872314e-02 3.109361976385116577e-03 -5.897943675518035889e-02
7.447173446416854858e-02 5.816115811467170715e-02 -2.036365680396556854e-02
5.951426923274993896e-02 -4.609763249754905701e-02 2.645941078662872314e-02
-5.471858009696006775e-02 -3.419720381498336792e-02 -4.183124750852584839e-02
1.127505023032426834e-02 -2.457234822213649750e-02 -4.954843223094940186e-02
-5.399728566408157349e-02 -1.980682089924812317e-02 -6.753718107938766479e-02
-7.859754562377929688e-02 -2.877245470881462097e-02 7.362580299377441406e-02
-6.697002053260803223e-02 2.743150480091571808e-02 -3.801191970705986023e-02
5.191390961408615112e-02 -2.437145449221134186e-02 5.970187112689018250e-02
7.732971757650375366e-02 -6.332784891128540039e-02 4.296070709824562073e-02
-1.863744109869003296e-03 -6.993404030799865723e-02 -3.338871151208877563e-02
-8.110756427049636841e-02 6.167679559439420700e-03 -2.826020307838916779e-02
5.125578492879867554e-02 6.330554187297821045e-02 4.910388588905334473e-02
7.470168918371200562e-02 -5.536392331123352051e-02 7.417572289705276489e-02
5.840633064508438110e-02 -2.450158074498176575e-02 -4.057826101779937744e-02
-5.889480561017990112e-02 -1.126703806221485138e-02 -5.920232832431793213e-02
-2.212082035839557648e-02 5.798584781587123871e-03 2.168291620910167694e-02
8.123201876878738403e-02 7.413084059953689575e-02 9.987520053982734680e-03
-6.356584839522838593e-03 1.753834262490272522e-02 6.716980040073394775e-02
3.806012496352195740e-02 -5.222518462687730789e-03 -4.925694689154624939e-02
5.798184871673583984e-02 3.813968598842620850e-02 3.589416446629911661e-04
7.293745130300521851e-02 -7.104242593050003052e-02 -5.168912187218666077e-02
7.337044179439544678e-02 1.140586286783218384e-02 7.205758988857269287e-02
-7.534198462963104248e-02 -8.227366022765636444e-03 -3.929957747459411621e-02
-2.182760648429393768e-02 6.263165175914764404e-02 2.319268509745597839e-02
-6.663676816970109940e-03 -3.136503277346491814e-03 4.534983634948730469e-02
1.923645613715052605e-03 -2.366151660680770874e-02 -6.797719001770019531e-02
-2.443478815257549286e-02 4.872243106365203857e-02 -6.567531824111938477e-02
-4.264882579445838928e-02 -7.116144150495529175e-02 -3.818895667791366577e-02
-6.300791632384061813e-03 -7.805078476667404175e-02 -4.734668135643005371e-02
2.426861785352230072e-02 2.240844257175922394e-02 6.886949390172958374e-02
-4.361609369516372681e-02 7.922800630331039429e-02 -7.366838306188583374e-02
7.013697922229766846e-02 2.331941761076450348e-02 -2.016622386872768402e-02
6.624644994735717773e-02 6.082643941044807434e-02 -4.843316599726676941e-02
-5.733137950301170349e-03 -2.203003503382205963e-02 -2.713583037257194519e-02
-7.660776376724243164e-02 -1.642076671123504639e-02 6.844031065702438354e-02
-6.064466759562492371e-02 -6.796551495790481567e-02 5.331971123814582825e-02
4.247733205556869507e-02 1.495643891394138336e-02 -2.924202382564544678e-02
1.380114536732435226e-02 -5.821428075432777405e-02 7.339017465710639954e-03
-8.073510229587554932e-02 -5.561738833785057068e-02 4.395626857876777649e-02
1.321968808770179749e-02 2.341029793024063110e-02 6.335570663213729858e-02
2.027871087193489075e-03 5.225396715104579926e-03 -2.572370134294033051e-02
5.483901500701904297e-02 1.086043100804090500e-02 -7.814245298504829407e-03
-4.800771176815032959e-02 1.251460169441998005e-03 -8.122193068265914917e-02
2.659999020397663116e-02 4.059153422713279724e-02 6.123652681708335876e-02
-7.641726732254028320e-02 5.822935327887535095e-02 3.011973202228546143e-02
-4.148012027144432068e-02 -1.356737967580556870e-02 -2.343201823532581329e-02
6.216077879071235657e-02 7.306253910064697266e-02 -6.581051647663116455e-02
-2.891165949404239655e-02 -4.272152855992317200e-02 4.123841971158981323e-02
-2.461885660886764526e-02 7.559530436992645264e-02 8.151768893003463745e-02
5.496091023087501526e-02 -1.054359786212444305e-02 -4.504946991801261902e-02
-8.085790276527404785e-02 -8.094743243418633938e-04 -7.461131364107131958e-02
-3.149473341181874275e-03 8.402144163846969604e-02 -2.449063397943973541e-02
-3.152097016572952271e-02 3.344008699059486389e-02 5.111012607812881470e-02
6.625952571630477905e-02 -6.126561760902404785e-02 -2.320300089195370674e-03
1.582567580044269562e-02 -7.354029454290866852e-03 -6.979938596487045288e-02
-3.346135094761848450e-02 -1.026759110391139984e-02 2.427277155220508575e-03
-7.771337777376174927e-02 2.247755788266658783e-02 -5.820162221789360046e-02
-7.697138935327529907e-02 -6.960908416658639908e-03 4.627396352589130402e-03
-6.571335345506668091e-02 -6.626930832862854004e-02 -6.224888563156127930e-02
3.930569440126419067e-02 4.545935243368148804e-02 5.553487315773963928e-02
1.208547223359346390e-02 5.983889475464820862e-02 4.734447598457336426e-02
8.831133134663105011e-03 3.336453437805175781e-02 5.154088139533996582e-02
-4.563121870160102844e-02 -7.206923328340053558e-03 4.072853550314903259e-02
-6.272786855697631836e-02 -2.453782968223094940e-02 -1.454053446650505066e-02
-5.303107667714357376e-03 5.948404967784881592e-02 -3.111843578517436981e-02
-1.825805939733982086e-02 -7.577814161777496338e-02 3.178634913638234138e-03
-5.140085145831108093e-02 1.592805422842502594e-02 -3.704191744327545166e-02
5.350073054432868958e-02 3.946086019277572632e-02 -6.238821521401405334e-02
-7.402464002370834351e-02 -4.376762732863426208e-02 -5.538801103830337524e-02
7.574743032455444336e-02 -7.470593601465225220e-02 -1.108641363680362701e-02
-6.761287152767181396e-02 5.241326522082090378e-03 -6.528979539871215820e-02
-6.223991513252258301e-02 -5.457765236496925354e-02 -6.854028254747390747e-02
3.329616785049438477e-02 4.657955840229988098e-02 1.918828673660755157e-02
5.730096250772476196e-03 4.526451230049133301e-02 2.171188406646251678e-02
-8.967028930783271790e-03 -5.321785807609558105e-02 -5.912349000573158264e-02
8.851436898112297058e-03 1.387716643512248993e-02 -2.410117350518703461e-02
-4.636025801301002502e-02 1.898624747991561890e-02 -3.402212262153625488e-02
-1.786898635327816010e-02 -3.373479843139648438e-02 4.758052155375480652e-02
2.600802667438983917e-02 7.907927036285400391e-02 -3.415383398532867432e-02
7.376725971698760986e-02 -2.582087181508541107e-02 -3.242022544145584106e-02
1.706114597618579865e-02 3.557045385241508484e-02 8.181156590580940247e-03
8.075672388076782227e-02 -6.673465669155120850e-02 -5.244265496730804443e-02
4.990125820040702820e-02 -2.712847664952278137e-02 5.873043462634086609e-02
-8.051367849111557007e-02 2.174033224582672119e-02 4.158302396535873413e-02
4.005014523863792419e-02 7.134830951690673828e-02 -2.712299115955829620e-02
-5.047967284917831421e-02 6.875116378068923950e-02 4.034194350242614746e-02
5.916571989655494690e-02 -2.815493568778038025e-02 -4.989476874470710754e-02
-6.538866553455591202e-03 2.229337021708488464e-02 -7.906074076890945435e-02
-7.275749742984771729e-02 4.053974151611328125e-02 6.033079326152801514e-02
-2.771576493978500366e-02 -5.912838876247406006e-02 -1.349879428744316101e-02
-4.630875214934349060e-02 -3.075423277914524078e-02 4.992863908410072327e-02
1.321834698319435120e-02 -1.653072424232959747e-02 2.915062569081783295e-02
3.873793035745620728e-02 6.015503779053688049e-02 8.265316486358642578e-02
5.254662036895751953e-02 1.977864652872085571e-02 -1.704156026244163513e-02
-3.888503834605216980e-02 8.151686191558837891e-02 3.158288449048995972e-02
-8.100673556327819824e-02 6.037763506174087524e-02 5.591802182607352734e-04
2.581628412008285522e-02 2.128657326102256775e-02 2.299285959452390671e-03
-1.592590101063251495e-02 5.038938671350479126e-02 -8.117263764142990112e-02
-3.848438337445259094e-02 6.164252758026123047e-02 4.293460398912429810e-02
-4.862187430262565613e-02 5.062046647071838379e-02 -7.387876510620117188e-02
1.089331693947315216e-02 -6.857284903526306152e-02 8.110186085104942322e-03
-7.846381515264511108e-02 3.282309975475072861e-03 -5.624883994460105896e-02
-4.339503869414329529e-02 -3.205215558409690857e-02 -1.119389384984970093e-02
-7.962098345160484314e-03 -3.471897169947624207e-02 5.742500536143779755e-03
-2.375924214720726013e-02 1.833748305216431618e-03 -2.895483188331127167e-02
-3.073633648455142975e-02 5.839185044169425964e-02 1.119037065654993057e-02
6.466939300298690796e-02 6.214695423841476440e-02 -1.775768399238586426e-02
6.975147873163223267e-02 -8.479555137455463409e-03 3.401862457394599915e-02
-4.055270552635192871e-02 6.939371675252914429e-02 2.508589439094066620e-02
7.303950190544128418e-02 3.665177524089813232e-02 1.266629062592983246e-02
1.309785060584545135e-02 5.886981636285781860e-02 5.594677105545997620e-02
-1.460002921521663666e-02 2.111862413585186005e-02 -5.871216952800750732e-02
-3.597979620099067688e-02 -3.412298858165740967e-02 -3.479947149753570557e-02
-3.780813422054052353e-03 5.184637382626533508e-02 -2.604677528142929077e-02
5.546983331441879272e-02 8.171381428837776184e-03 3.905463218688964844e-02
-7.592287659645080566e-02 2.588065154850482941e-02 -1.720154386930516921e-06
-2.017821744084358215e-02 -7.730070501565933228e-02 -7.606468349695205688e-02
-2.315918914973735809e-02 -1.363435667008161545e-02 -6.475614756345748901e-02
-3.136805072426795959e-02 5.221190676093101501e-02 3.296729177236557007e-02
-2.216421067714691162e-03 -5.591620132327079773e-02 3.787408024072647095e-02
-4.576644673943519592e-02 4.445447772741317749e-02 -6.745932251214981079e-02
-4.271089565008878708e-03 -1.034000981599092484e-02 5.799021944403648376e-02
-1.757620833814144135e-02 -5.835324898362159729e-02 -2.528630942106246948e-02
-6.383085250854492188e-02 1.344298385083675385e-02 -4.953232128173112869e-04
-6.680184602737426758e-02 7.326091080904006958e-02 -5.792957264930009842e-03
4.694783687591552734e-02 -2.877222001552581787e-02 -5.052721127867698669e-02
1.095193438231945038e-02 1.478419732302427292e-02 -1.706681959331035614e-02
-4.821322113275527954e-02 -7.963412255048751831e-02 -4.347584024071693420e-02
4.588798806071281433e-02 -6.577025353908538818e-02 -5.073022469878196716e-02
-2.033281512558460236e-02 -2.006822451949119568e-02 2.843444421887397766e-02
6.790633499622344971e-02 -2.619346790015697479e-02 5.605516489595174789e-03
1.029463950544595718e-02 -8.181585371494293213e-02 1.103820558637380600e-02
-5.258324742317199707e-02 6.303740292787551880e-02 -4.994618147611618042e-02
-5.955692753195762634e-02 -5.995301157236099243e-02 7.010252028703689575e-02
-3.135523200035095215e-02 5.563620105385780334e-02 4.184850491583347321e-03
-7.307919859886169434e-02 -1.204839628189802170e-02 -6.530479341745376587e-02
-1.682862453162670135e-02 7.799489051103591919e-02 1.832444593310356140e-02
5.892999842762947083e-02 7.218495011329650879e-02 2.620072104036808014e-02
-7.430903613567352295e-02 3.035074658691883087e-02 2.476307004690170288e-02
-3.840351244434714317e-03 7.127473503351211548e-02 -6.316702812910079956e-02
-3.623232245445251465e-02 -4.039129614830017090e-02 -2.042624168097972870e-02
1.756661385297775269e-02 6.380404531955718994e-02 -8.157511800527572632e-02
-3.758672252297401428e-02 2.442448586225509644e-02 9.374042972922325134e-03
6.728719174861907959e-02 -7.270175218582153320e-02 5.145582556724548340e-02
-2.221835218369960785e-02 -6.415810436010360718e-02 -4.796428978443145752e-02
-8.342969231307506561e-03 -7.427934557199478149e-02 5.416868254542350769e-02
3.680073469877243042e-02 -3.661903738975524902e-02 -7.711376994848251343e-02
4.875260218977928162e-02 3.841641545295715332e-02 -7.293717563152313232e-02
7.512415759265422821e-04 -2.847103960812091827e-02 6.246514245867729187e-02
-8.302047103643417358e-02 7.060810923576354980e-02 4.872831515967845917e-03
-3.681442141532897949e-02 -3.914895653724670410e-02 -1.412737835198640823e-02
-1.232424564659595490e-02 -1.320691406726837158e-02 -5.033270642161369324e-02
8.006244897842407227e-02 -7.641019299626350403e-03 -4.620843101292848587e-03
-5.901480838656425476e-02 -5.204499512910842896e-02 2.355743199586868286e-02
7.908398658037185669e-02 5.714876949787139893e-02 3.110541775822639465e-02
2.309437654912471771e-02 -2.615830302238464355e-02 4.129986464977264404e-02
-1.398670114576816559e-02 2.205202169716358185e-02 -5.988807231187820435e-02
-4.392832517623901367e-02 1.977979764342308044e-02 5.880228057503700256e-02
-2.621681429445743561e-02 -5.620181187987327576e-02 1.578776724636554718e-02
1.734677329659461975e-02 3.656054288148880005e-02 -6.719727069139480591e-02
-2.027899026870727539e-02 -6.264127790927886963e-02 -4.270774126052856445e-02
1.199945621192455292e-02 -5.325897037982940674e-02 -4.040009900927543640e-02
2.225332148373126984e-02 4.669522866606712341e-02 3.116394579410552979e-02
2.833354100584983826e-02 4.813312739133834839e-02 5.101931164972484112e-04
3.712019696831703186e-02 7.144644856452941895e-02 6.583030521869659424e-02
-3.897396102547645569e-02 -5.907285213470458984e-02 4.266800358891487122e-02
-6.018342822790145874e-02 4.982980340719223022e-02 4.464888200163841248e-02
6.329402327537536621e-02 -1.752270944416522980e-02 3.853769972920417786e-02
-1.336634997278451920e-02 2.600827068090438843e-02 -6.270073354244232178e-02
-6.010749563574790955e-02 2.064399793744087219e-02 2.176417969167232513e-02
-8.128233999013900757e-02 -3.763632103800773621e-02 -1.822277088649570942e-03
-6.174394115805625916e-02 9.164176881313323975e-03 -7.506231218576431274e-02
-7.478328794240951538e-02 1.724923402070999146e-02 1.322640012949705124e-02
-5.619999021291732788e-02 -5.573630332946777344e-03 3.693715855479240417e-02
-5.469353869557380676e-02 4.430329799652099609e-02 5.321052670478820801e-02
-7.419147342443466187e-02 1.377167459577322006e-02 1.222215127199888229e-03
-1.374916173517704010e-02 7.838170859031379223e-04 -2.436435967683792114e-02
2.883079834282398224e-02 -7.532132416963577271e-02 8.304844051599502563e-02
2.499842830002307892e-02 7.977795600891113281e-02 -4.520364105701446533e-03
-6.244049221277236938e-02 8.175101131200790405e-02 -8.030852302908897400e-03
4.136443883180618286e-02 -6.215384695678949356e-03 -6.165166944265365601e-02
-1.786031574010848999e-02 -4.301457479596138000e-02 -4.380258917808532715e-02
7.976324856281280518e-02 1.947097713127732277e-03 -4.201157391071319580e-02
7.827270776033401489e-02 6.590945273637771606e-02 3.473457321524620056e-02
5.557807534933090210e-02 4.428131133317947388e-02 -5.258991941809654236e-02
-3.603053838014602661e-02 1.788967661559581757e-02 5.918169766664505005e-02
6.266152858734130859e-02 -7.992462068796157837e-02 -4.856705665588378906e-02
3.978041559457778931e-02 2.395301498472690582e-02 -7.275164127349853516e-02
3.574405238032341003e-02 -2.558151632547378540e-02 2.608226053416728973e-02
1.196896471083164215e-02 -2.301934361457824707e-02 -5.339733511209487915e-02
-6.591331213712692261e-02 -3.864238038659095764e-02 -2.464119903743267059e-02
5.025529116392135620e-02 -1.206022338010370731e-03 9.614873677492141724e-03
-2.269241772592067719e-02 -1.695175096392631531e-02 -1.027043163776397705e-02
4.529308155179023743e-02 8.025651797652244568e-03 -4.431136325001716614e-02
-2.357548475265502930e-02 -5.008372478187084198e-03 7.114777714014053345e-02
6.422188133001327515e-02 4.205415025353431702e-02 3.849236993119120598e-03
-2.056153723970055580e-03 3.883542865514755249e-02 5.339712649583816528e-02
-7.463546097278594971e-02 6.765616685152053833e-02 -2.552947960793972015e-02
2.085937932133674622e-02 3.432944789528846741e-02 5.275310948491096497e-02
7.221546024084091187e-02 4.437616467475891113e-02 6.701114121824502945e-03
7.086568325757980347e-02 5.793273448944091797e-02 1.755078323185443878e-02
5.080925673246383667e-02 3.781479597091674805e-02 -4.190595820546150208e-02
8.122815936803817749e-02 -7.715079933404922485e-02 -6.765646487474441528e-02
4.920064657926559448e-02 2.884317375719547272e-02 -6.523811072111129761e-02
7.584401965141296387e-02 5.793041735887527466e-02 -5.232613906264305115e-02
7.728196680545806885e-02 -1.925264485180377960e-02 7.595002651214599609e-02
-3.316440805792808533e-02 -5.643954500555992126e-02 8.366777561604976654e-03
4.485578835010528564e-02 -9.184130467474460602e-03 6.447904556989669800e-02
-4.391958191990852356e-02 -2.047258429229259491e-02 1.057710032910108566e-02
3.328016400337219238e-02 -6.118266377598047256e-03 1.142319571226835251e-02
-7.685578614473342896e-02 -4.845383018255233765e-02 2.300555817782878876e-02
6.861813366413116455e-02 2.714468538761138916e-02 -1.461792550981044769e-02
-5.690457299351692200e-02 -2.690716087818145752e-02 -6.044670194387435913e-02
5.872023850679397583e-02 8.068610727787017822e-02 -6.392297893762588501e-02
4.946469143033027649e-02 -8.271767199039459229e-02 2.952904254198074341e-02
5.265948921442031860e-02 1.031522173434495926e-02 -4.201456159353256226e-02
2.900214749388396740e-04 -2.523575909435749054e-02 1.176847610622644424e-02
5.934669822454452515e-02 7.727405428886413574e-02 -1.244053989648818970e-02
-7.219396531581878662e-02 7.819546759128570557e-02 4.493519291281700134e-02
-4.236147552728652954e-02 -3.688768297433853149e-02 -5.462541058659553528e-02
7.565275579690933228e-02 -7.833930104970932007e-02 5.014656856656074524e-02
-3.111857175827026367e-02 -6.400652974843978882e-02 -1.672568358480930328e-02
4.596709832549095154e-02 7.000225037336349487e-02 2.741850726306438446e-02
5.470281001180410385e-03 2.587830834090709686e-02 7.945499569177627563e-02
4.520326107740402222e-02 4.535522684454917908e-02 1.866251602768898010e-02
-8.252440392971038818e-02 2.456532046198844910e-02 6.393319368362426758e-02
5.629755184054374695e-02 7.618062198162078857e-02 6.198412925004959106e-02
5.822952091693878174e-02 -1.139838341623544693e-02 4.914405941963195801e-02
2.052111737430095673e-02 -6.731278449296951294e-02 -7.415329106152057648e-03
-7.506784796714782715e-02 6.304044276475906372e-02 1.903609186410903931e-02
-6.712614558637142181e-04 -9.379258379340171814e-03 1.470807939767837524e-02
3.509926423430442810e-02 1.514790859073400497e-02 4.485772177577018738e-02
2.657241374254226685e-02 1.550155039876699448e-02 -8.252593874931335449e-02
-5.348864942789077759e-02 8.623307570815086365e-03 -6.296662241220474243e-02
2.658470533788204193e-02 -5.560376867651939392e-02 1.497308071702718735e-02
5.158128961920738220e-02 -6.947113201022148132e-03 4.953482374548912048e-02
-6.093924492597579956e-02 -1.055810227990150452e-02 7.721313834190368652e-02
8.154212683439254761e-02 5.991901271045207977e-03 2.458404377102851868e-02
6.666737049818038940e-02 3.903609141707420349e-02 2.666048146784305573e-02
3.390343114733695984e-02 -9.878049604594707489e-03 -7.131069898605346680e-03
1.568393781781196594e-02 8.050638437271118164e-02 -1.535562612116336823e-02
-5.311137065291404724e-03 -1.982602290809154510e-02 6.570181250572204590e-02
1.322467997670173645e-02 -4.684848338365554810e-02 1.606921851634979248e-02
1.320760510861873627e-02 -2.015709504485130310e-02 8.149556815624237061e-02
2.066168189048767090e-02 4.682921804487705231e-03 -8.208031207323074341e-02
-5.199166759848594666e-02 2.266684547066688538e-02 -4.887729510664939880e-02
5.264511704444885254e-02 -3.019704297184944153e-02 7.484948635101318359e-02
1.148050837218761444e-02 1.491563953459262848e-02 -7.342035323381423950e-02
1.779750548303127289e-02 6.608638167381286621e-02 6.200462952256202698e-02
-4.371227324008941650e-02 3.391588106751441956e-02 2.945759566500782967e-03
-4.598058387637138367e-02 -1.753478869795799255e-02 -1.411981508135795593e-02
9.701541275717318058e-04 -8.383078873157501221e-02 6.308687478303909302e-02
7.314123958349227905e-02 -6.812355667352676392e-02 2.418775483965873718e-02
7.930712401866912842e-02 1.355690043419599533e-02 3.712398558855056763e-02
-3.780627157539129257e-03 -3.906020149588584900e-02 -5.194204673171043396e-02
4.808896407485008240e-02 -6.164754927158355713e-02 6.928846985101699829e-02
2.921710349619388580e-02 -5.998099688440561295e-03 -8.328376710414886475e-02
-5.162808299064636230e-02 -2.828481793403625488e-02 6.076211109757423401e-02
-8.015305735170841217e-03 7.406796514987945557e-02 2.983818389475345612e-02
6.203418225049972534e-02 6.993636488914489746e-02 3.429718315601348877e-02
-8.205775171518325806e-02 -1.802430837415158749e-03 -4.747299011796712875e-03
2.699090167880058289e-02 -6.572695076465606689e-02 8.715348318219184875e-03
-1.974825374782085419e-02 7.260860502719879150e-02 6.390961259603500366e-02
6.181643903255462646e-02 4.544479772448539734e-02 2.302875369787216187e-02
4.864448308944702148e-02 -5.835983529686927795e-02 7.178642600774765015e-02
-1.056714914739131927e-02 -1.419617142528295517e-02 2.816222794353961945e-02
1.088977139443159103e-02 -6.304779648780822754e-02 4.681806638836860657e-02
-7.475861907005310059e-02 8.292383514344692230e-03 6.708408147096633911e-02
-7.818330079317092896e-02 -7.557901740074157715e-02 -5.060550197958946228e-02
-2.811587974429130554e-02 -5.069926008582115173e-02 7.973968051373958588e-03
-3.859026357531547546e-02 -6.689339131116867065e-02 4.956949502229690552e-02
-4.524937272071838379e-02 2.864759974181652069e-02 -5.829837545752525330e-02
7.606741506606340408e-03 -3.700050711631774902e-02 -5.947923660278320312e-02
4.588128998875617981e-02 7.905022054910659790e-02 -1.126725692301988602e-02
-4.797125235199928284e-02 5.546439811587333679e-02 3.096439410001039505e-03
4.655309766530990601e-02 2.516827359795570374e-02 -2.625480666756629944e-02
6.029348447918891907e-02 -6.226751953363418579e-02 2.562835812568664551e-02
-7.234478741884231567e-02 1.732620969414710999e-02 -4.120212793350219727e-02
3.605469316244125366e-02 -7.878848910331726074e-02 -2.997839264571666718e-02
7.980690896511077881e-02 -7.822532206773757935e-02 -4.931923002004623413e-02
-6.019222363829612732e-02 4.058284312486648560e-02 2.435412444174289703e-02
3.529619053006172180e-02 1.239589415490627289e-02 4.221053048968315125e-02
-2.281518466770648956e-02 -6.171797960996627808e-02 -1.796747371554374695e-02
1.767814904451370239e-02 -5.641140788793563843e-02 -5.666229128837585449e-02
5.890281870961189270e-02 -5.136933550238609314e-02 -7.760220207273960114e-03
-4.817008972167968750e-02 -7.250379025936126709e-02 -3.816756233572959900e-02
6.913536787033081055e-02 1.992600224912166595e-02 3.836907073855400085e-02
-2.029423229396343231e-02 1.886077225208282471e-02 -2.271609380841255188e-03
5.622229725122451782e-02 -2.095864899456501007e-02 1.801632903516292572e-02
-8.905757218599319458e-03 -9.375615976750850677e-03 -7.665591547265648842e-04
7.485827803611755371e-02 6.490059196949005127e-02 -1.702320389449596405e-02
4.081822559237480164e-02 -1.145424041897058487e-02 -4.631326347589492798e-02
-3.116423264145851135e-02 -1.185164507478475571e-02 -5.660167708992958069e-02
-1.188910473138093948e-02 -2.074120007455348969e-02 1.049963850528001785e-02
4.073511064052581787e-02 1.972041092813014984e-02 5.988603085279464722e-02
3.085548803210258484e-02 -1.586957462131977081e-02 -3.082714229822158813e-02
1.997079141438007355e-02 2.674216218292713165e-02 -6.277571618556976318e-02
-5.682058259844779968e-02 -5.547232553362846375e-02 -2.024460211396217346e-02
-6.151651963591575623e-02 -1.150517258793115616e-02 6.610111147165298462e-02
1.218767464160919189e-02 -7.055105268955230713e-02 -3.589648008346557617e-02
6.092189252376556396e-02 1.792187988758087158e-02 6.854455918073654175e-02
7.251101732254028320e-02 -7.218838483095169067e-02 5.242360010743141174e-02
-5.884333699941635132e-02 -4.079529270529747009e-02 7.509829103946685791e-02
7.974740117788314819e-02 4.567144066095352173e-02 3.071226738393306732e-02
7.259228080511093140e-02 6.125523522496223450e-02 -7.174465339630842209e-03
-2.933626994490623474e-02 3.980229794979095459e-02 5.791105795651674271e-03
-5.733698233962059021e-02 1.601032353937625885e-02 7.938717491924762726e-03
-6.039627362042665482e-03 4.495551809668540955e-02 5.970649048686027527e-02
7.556219398975372314e-02 -1.786489039659500122e-02 -7.258915901184082031e-02
-1.183899934403598309e-03 -6.854517757892608643e-02 3.160383179783821106e-02
4.603085666894912720e-02 -6.519284099340438843e-02 -3.210243955254554749e-02
2.159930020570755005e-02 1.627125777304172516e-02 -3.021848760545253754e-02
-7.177053391933441162e-02 -7.930879294872283936e-02 6.317886710166931152e-02
-8.097825944423675537e-02 -4.601852968335151672e-02 -5.287569761276245117e-02
-7.442469149827957153e-02 -6.521490961313247681e-02 5.140116810798645020e-02
-1.203433517366647720e-02 -1.983368024230003357e-02 6.282591819763183594e-02
5.362612754106521606e-02 -4.773594439029693604e-02 4.755516722798347473e-02
-5.488721653819084167e-03 1.292155962437391281e-02 5.367099121212959290e-02
-8.185639232397079468e-02 -2.605241909623146057e-02 -6.973649561405181885e-02
3.042178042232990265e-02 -1.892216620035469532e-03 -9.683731012046337128e-03
-3.253067284822463989e-02 -7.698955386877059937e-02 -7.531968504190444946e-02
-2.660003304481506348e-02 -1.440248638391494751e-02 -4.070131853222846985e-02
7.158540189266204834e-02 3.581806272268295288e-02 6.678438931703567505e-02
6.934762746095657349e-02 2.912328392267227173e-02 -8.744904771447181702e-03
-6.989173591136932373e-02 -3.141815541312098503e-03 4.384680464863777161e-02
-4.005625471472740173e-02 7.982445508241653442e-02 -6.358039379119873047e-02
6.598300300538539886e-03 -1.261551119387149811e-02 3.988054767251014709e-02
6.759961694478988647e-02 2.988542616367340088e-02 5.396649986505508423e-02
4.751645028591156006e-02 3.120352141559123993e-02 -1.020114962011575699e-02
-5.130414664745330811e-02 -6.483907811343669891e-03 -1.700129732489585876e-02
6.615131348371505737e-02 7.523422595113515854e-03 -5.222985148429870605e-02
5.629475787281990051e-02 1.822221465408802032e-02 -4.874352365732192993e-02
3.980999067425727844e-02 -3.815253823995590210e-02 -5.029071494936943054e-02
-4.336937144398689270e-02 -5.675804987549781799e-02 1.850690576247870922e-03
7.524225860834121704e-02 6.462973356246948242e-02 5.977393686771392822e-02
3.646887466311454773e-02 5.856941640377044678e-02 4.911391437053680420e-02
1.808573491871356964e-02 1.033091079443693161e-02 -8.767906576395034790e-03
-9.077550843358039856e-03 1.330483146011829376e-02 -7.636128365993499756e-02
-2.073277160525321960e-02 5.077061057090759277e-02 4.117714241147041321e-02
3.742614388465881348e-02 5.611453205347061157e-02 -5.095227807760238647e-02
4.615403711795806885e-02 2.199965901672840118e-02 -3.565754741430282593e-03
-7.602564990520477295e-02 4.797722771763801575e-02 5.069622024893760681e-02
-1.562342513352632523e-02 -5.776758119463920593e-02 -7.111561484634876251e-03
3.666613623499870300e-02 3.297879919409751892e-02 -4.923582449555397034e-02
-1.310600060969591141e-02 -1.826396957039833069e-02 3.664607927203178406e-02
7.745239138603210449e-02 2.434615790843963623e-02 -5.996850505471229553e-02
-5.074167856946587563e-04 -3.113259933888912201e-02 4.209778085350990295e-02
-4.837319720536470413e-03 7.781187444925308228e-02 2.181307971477508545e-02
-7.730937749147415161e-02 5.053766071796417236e-02 5.129246413707733154e-02
5.747804418206214905e-02 -2.009643428027629852e-02 -6.533049046993255615e-02
-3.583581745624542236e-02 -7.683478295803070068e-02 -3.710830211639404297e-02
-1.421055290848016739e-02 -6.885886541567742825e-04 -2.169812284409999847e-02
-1.509688887745141983e-02 -3.870230168104171753e-02 4.619933292269706726e-02
4.532752931118011475e-02 7.644706964492797852e-02 3.420842811465263367e-02
7.926934212446212769e-02 -8.369830437004566193e-03 -1.194152887910604477e-02
-4.513038694858551025e-02 6.048173829913139343e-02 7.354228198528289795e-02
-6.730911880731582642e-02 3.541088104248046875e-02 -5.214995890855789185e-02
5.810267478227615356e-02 8.122134208679199219e-02 -2.857919968664646149e-02
4.997917637228965759e-02 -1.304939272813498974e-03 7.611707597970962524e-02
1.719203963875770569e-02 6.939872354269027710e-02 6.015477329492568970e-02
-4.937408491969108582e-02 -7.008273899555206299e-02 6.894425302743911743e-02
-4.797226563096046448e-02 -2.249189466238021851e-02 -2.130177570506930351e-03
-3.870691359043121338e-02 -8.780738571658730507e-04 6.643134355545043945e-02
5.335846915841102600e-02 -3.904306516051292419e-02 1.757339807227253914e-03
-3.586855530738830566e-02 -4.076757282018661499e-02 2.864879556000232697e-02
-6.063064932823181152e-02 2.185052074491977692e-02 2.760810032486915588e-02
-4.630793258547782898e-02 -6.909528374671936035e-02 -7.230774313211441040e-02
4.073316231369972229e-02 -2.878972515463829041e-02 1.154542155563831329e-02
5.971768870949745178e-02 5.397262424230575562e-02 -2.813454531133174896e-02
1.167914457619190216e-02 -3.919982165098190308e-02 -1.358517818152904510e-02
7.969722896814346313e-02 -3.834478324279189110e-03 2.105594240128993988e-02
4.038342460989952087e-02 -5.370775982737541199e-02 1.008447632193565369e-02
-6.890174001455307007e-02 -4.060916975140571594e-02 4.520623013377189636e-03
7.442054152488708496e-02 -2.183451130986213684e-02 5.321941897273063660e-02
-6.681037135422229767e-03 7.921141386032104492e-02 6.950099021196365356e-03
-1.314509939402341843e-02 6.052856147289276123e-02 -1.991605386137962341e-02
-4.858303070068359375e-02 -3.441023826599121094e-02 -4.970238730311393738e-02
-4.889678955078125000e-02 -4.737233743071556091e-02 -2.091034129261970520e-02
-8.171910047531127930e-02 7.572901248931884766e-02 5.760319903492927551e-02
-6.671106070280075073e-02 -6.601540744304656982e-02 -3.281168639659881592e-02
-4.734845459461212158e-02 -1.137066259980201721e-02 3.950154036283493042e-02
6.435789167881011963e-02 1.352506037801504135e-02 3.017468564212322235e-02
-7.505290955305099487e-02 -6.079874001443386078e-04 -1.597844250500202179e-02
4.464273899793624878e-02 1.790585555136203766e-02 -6.937456876039505005e-02
7.326508313417434692e-02 3.273111581802368164e-02 -5.719235539436340332e-02
-1.044426299631595612e-02 -1.127395778894424438e-02 -2.087592519819736481e-02
-6.192821636795997620e-02 -2.033432945609092712e-02 -3.075880743563175201e-02
4.030387476086616516e-02 5.136340484023094177e-02 -7.696834206581115723e-02
7.565961778163909912e-02 -6.741576641798019409e-02 2.147679403424263000e-02
6.038595363497734070e-02 -7.975889742374420166e-02 -1.725208386778831482e-02
-3.863108158111572266e-02 7.222442328929901123e-02 -3.895522560924291611e-03
3.550916910171508789e-02 -4.268421605229377747e-02 2.594800107181072235e-02
5.437973141670227051e-02 -3.266147524118423462e-02 -4.254141449928283691e-02
4.225284978747367859e-02 2.001354470849037170e-02 -1.641678996384143829e-02
1.613643020391464233e-02 9.598514065146446228e-03 -4.899115115404129028e-02
-4.297299310564994812e-02 5.114258732646703720e-03 1.093627419322729111e-02
6.896334886550903320e-02 -1.605393737554550171e-02 1.841179281473159790e-02
7.806599140167236328e-02 5.087590962648391724e-02 6.859918683767318726e-02
-5.703289806842803955e-02 4.096021503210067749e-02 8.829055353999137878e-03
-3.047712333500385284e-02 7.439503073692321777e-02 -1.427079457789659500e-02
-5.715200304985046387e-02 8.086337149143218994e-02 -6.259516626596450806e-02
-6.511189788579940796e-02 7.776975631713867188e-03 1.701398938894271851e-02
5.276210233569145203e-02 -4.483359307050704956e-02 -2.364876493811607361e-02
7.630204409360885620e-02 4.064219444990158081e-02 -4.305953159928321838e-02
-6.101883482187986374e-04 -5.044557526707649231e-02 5.186821334064006805e-03
1.636453554965555668e-03 7.503449171781539917e-02 7.461331319063901901e-03
-6.139548867940902710e-02 -1.910736039280891418e-02 -7.581392675638198853e-02
2.910235524177551270e-02 -5.821986496448516846e-02 5.448200553655624390e-02
-3.584409505128860474e-02 2.266271039843559265e-02 -5.587352067232131958e-02
5.978865548968315125e-02 3.466156497597694397e-02 5.967056378722190857e-02
-1.562114991247653961e-02 -2.478170907124876976e-03 -4.694877192378044128e-02
8.138996362686157227e-02 7.420521974563598633e-02 -2.748185023665428162e-02
-4.155696369707584381e-03 -6.395962834358215332e-02 8.322867751121520996e-02
-5.941531062126159668e-02 5.843070149421691895e-02 -1.153398398309946060e-02
5.835880339145660400e-02 -1.856707409024238586e-02 4.780916124582290649e-02
-3.614603076130151749e-03 -1.038968376815319061e-02 8.435609750449657440e-03
-7.904583215713500977e-02 3.008508682250976562e-02 5.119453649967908859e-03
-7.445102930068969727e-02 8.287351578474044800e-02 -1.305057853460311890e-02
3.833177685737609863e-02 -4.425270110368728638e-02 1.341167371720075607e-03
-5.486796796321868896e-02 -2.346609346568584442e-02 -3.110291622579097748e-02
-2.840036712586879730e-02 8.159608393907546997e-02 7.059110701084136963e-02
7.345869392156600952e-02 4.781558364629745483e-02 -5.374211817979812622e-02
2.361230552196502686e-02 -6.708020716905593872e-02 -5.657619982957839966e-02
4.634142667055130005e-02 2.507103607058525085e-03 -7.648115605115890503e-02
-2.046338631771504879e-04 -4.826292395591735840e-02 2.219965867698192596e-02
1.332996878772974014e-02 6.651956588029861450e-02 -2.209647186100482941e-02
-1.673208177089691162e-02 -2.172514796257019043e-02 -6.050761789083480835e-02
3.396651893854141235e-02 -7.348185032606124878e-02 -3.259605914354324341e-02
3.931519389152526855e-02 5.614179186522960663e-03 -5.713231489062309265e-02
-2.489396557211875916e-02 -4.518123343586921692e-02 -3.780582547187805176e-02
-3.631975501775741577e-02 7.513143937103450298e-04 5.416325852274894714e-02
-7.959244400262832642e-02 -1.581710763275623322e-02 1.880181953310966492e-02
