9.999913573265075684e-01
9.999439120292663574e-01
1.000000715255737305e+00
1.000004649162292480e+00
1.000004529953002930e+00
1.000038146972656250e+00
9.999972581863403320e-01
9.998970627784729004e-01
1.000102877616882324e+00
1.000025272369384766e+00
1.000037312507629395e+00
1.000030636787414551e+00
9.999735951423645020e-01
1.000051021575927734e+00
1.000035166740417480e+00
1.000045537948608398e+00
9.998649358749389648e-01
9.998888373374938965e-01
9.999476671218872070e-01
1.000059008598327637e+00
9.999151825904846191e-01
1.000003933906555176e+00
1.000040292739868164e+00
9.999802708625793457e-01
1.000104427337646484e+00
9.998757839202880859e-01
9.998883605003356934e-01
1.000004410743713379e+00
1.000099778175354004e+00
9.999650120735168457e-01
1.000111222267150879e+00
1.000012040138244629e+00
