1.000077605247497559e+00
9.999738931655883789e-01
1.000001907348632812e+00
1.000001430511474609e+00
9.999626874923706055e-01
9.999371170997619629e-01
1.000102758407592773e+00
9.999078512191772461e-01
1.000010251998901367e+00
1.000018715858459473e+00
9.999945163726806641e-01
1.000049114227294922e+00
9.999668598175048828e-01
1.000003814697265625e+00
1.000083208084106445e+00
9.999089241027832031e-01
1.000059962272644043e+00
9.999723434448242188e-01
9.999527335166931152e-01
9.998735189437866211e-01
1.000038146972656250e+00
9.999935626983642578e-01
1.000031948089599609e+00
9.999689459800720215e-01
1.000055789947509766e+00
9.999319911003112793e-01
9.999927878379821777e-01
1.000050902366638184e+00
1.000072479248046875e+00
9.999790787696838379e-01
1.000037193298339844e+00
1.000053405761718750e+00
